Depth (mcd)	Species	13/12-C	18/16-O	13/12-C CW+0 glob+0.5	18/16-O CW+0.64 glob-0.1	Age.ka
50.2	 Cw	-0.01	3.21	-0.01	3.85	2632
50.3	 Cw	0.39	3.45	0.39	4.09	2648
50.35	 Cw	0.08	3.22	0.08	3.86	2656
50.4	 Cw	0.16	3.39	0.16	4.03	2664
50.45	 Globoc	-0.48	3.92	0.02	3.82	2672
50.5	 Cw	0.12	3.43	0.12	4.07	2680
50.55	 Globoc	-0.24	3.69	0.26	3.59	2688
50.6	 Globoc	-0.12	3.3	0.38	3.2	2696
50.65	 Globoc	-0.06	3.43	0.44	3.33	2704
50.7	Cib	0.29	2.78	0.29	3.42	2712
50.75	 Cw	-1.05	3.82	-1.05	4.46	2719
50.8	 Cw	-0.24	3.4	-0.24	4.04	2727
50.85	 Cw	-0.62	3.17	-0.62	3.81	2735
50.9	 Cw	-0.55	3.32	-0.55	3.96	2743
50.95	 Cw	-0.14	3.22	-0.14	3.86	2751
51	 Cw	0.82	3.11	0.82	3.75	2759
51.05	 glob	-0.14	3.63	0.36	3.53	2767
51.1	 Cw	0.43	2.92	0.43	3.56	2775
51.15	 Cw	0.8	3.13	0.8	3.77	2783
51.2	 Cw	0.44	3.19	0.44	3.83	2791
51.25	 Cw	0.41	3.13	0.41	3.77	2799
51.3	 Cw	0.62	3.1	0.62	3.74	2807
51.35	 Cw	0.84	3.16	0.84	3.8	2815
51.4	 glob	0.16	3.33	0.66	3.23	2823
51.45	Cw	0.54	3.11	0.54	3.11	2831
51.5	 Cw	0.6	3.33	0.6	3.97	2839
51.55	 Cw	0.8	3.31	0.8	3.95	2847
51.65	 Cw	0.69	3.27	0.69	3.91	2863
51.7	 Cw	0.93	3.08	0.93	3.72	2871
51.75	 Cw	0.4	2.91	0.4	3.55	2879
51.8	 Cw	0.71	3.1	0.71	3.74	2887
51.85	 Cw	0.74	3.19	0.74	3.83	2895
51.9	 Cw	0.47	2.84	0.47	3.48	2903
51.95	 Cw	0.72	3.14	0.72	3.78	2911
52	 Cw	0.37	2.95	0.37	3.59	2919
52.05	 Cw	0.64	3.05	0.64	3.69	2927
52.1	 glob	0.27	3.15	0.77	3.05	2935
52.15	glob	0.27	3.11	0.77	3.01	2942
52.2	Cib	0.38	3.07	0.38	3.71	2950
52.3	 Cw	0.15	3.09	0.15	3.73	2966
52.4	 Cw	0.34	2.94	0.34	3.58	2982
52.45	 Cw	0.51	3.03	0.51	3.67	2990
52.5	 Cw	0.39	3.06	0.39	3.7	2998
52.55	 Cw	0.45	2.9	0.45	3.54	3006
52.6	 Cw	0.46	3.12	0.46	3.76	3014
52.65	 Cw	0.43	3.24	0.43	3.88	3022
52.7	 Cw	-0.19	3.03	-0.19	3.67	3030
52.75	 Cw	-0.07	3.25	-0.07	3.89	3038
52.8	 Cw	-0.31	3.23	-0.31	3.87	3046
52.85	 Cw	0.22	2.95	0.22	3.59	3050
52.9	 Cw	0.2	2.95	0.2	3.59	3053
52.95	 Cw	0.29	2.76	0.29	3.4	3057
53	 Cw	0.14	2.79	0.14	3.43	3060
53.05	 Cw	0.17	3.09	0.17	3.73	3064
53.1	 Cw	0.37	3.06	0.37	3.7	3067
53.15	Cw	0.23	3.09	0.23	3.73	3071
53.25	 Cw	0.6	2.99	0.6	3.63	3078
53.3	 Cw	0.42	3.01	0.42	3.65	3081
53.35	 Cw	0.85	3.03	0.85	3.67	3085
53.4	 Cw	0.61	3.04	0.61	3.68	3089
53.45	 Cw	0.43	2.85	0.43	3.49	3092
53.5	 Cw	0.66	2.71	0.66	3.35	3096
53.55	 Cw	0.46	2.77	0.46	3.41	3099
53.6	 Cw	0.48	2.93	0.48	3.57	3103
53.65	 Cw	0.69	3	0.69	3.64	3106
53.75	 Cw	0.73	2.83	0.73	3.47	3113
53.8	 Cw	0.72	2.92	0.72	3.56	3117
53.85	 Cw	0.72	2.93	0.72	3.57	3120
53.9	 Cw	0.49	2.93	0.49	3.57	3124
53.95	 Cw	0.27	2.92	0.27	3.56	3127
54	 Cw	0.54	2.62	0.54	3.26	3131
54.05	Cib	0.87	3.02	0.87	3.66	3136
54.1	 Cw	0.77	3.04	0.77	3.68	3140
54.15	 Cw	0.17	2.74	0.17	3.38	3145
54.2	 Cw	0.45	2.73	0.45	3.37	3150
54.25	Cib	0.48	2.63	0.48	3.27	3154
54.3	 Cw	0.49	2.72	0.49	3.36	3159
54.35	 Cw	0.07	2.72	0.07	3.36	3163
54.4	 Cw	0.52	2.62	0.52	3.26	3168
54.45	 Cw	0.37	2.81	0.37	3.45	3173
54.5	 Cw	0.35	2.88	0.35	3.52	3177
54.6	 Cw	0.22	2.88	0.22	3.52	3187
54.65	 Cw	0.36	2.91	0.36	3.55	3191
54.7	 Cw	0.71	2.84	0.71	3.48	3196
54.75	 Cw	0.44	2.88	0.44	3.52	3201
54.8	 Cw	0.87	2.79	0.87	3.43	3205
54.85	 Cw	0.63	2.85	0.63	3.49	3210
54.95	 Cw	0.31	2.88	0.31	3.52	3219
55	 Cw	0.71	2.71	0.71	3.35	3224
55.05	 Cw	0.81	2.84	0.81	3.48	3228
55.1	 Cw	1.01	3.1	1.01	3.74	3233
55.15	 Cw	0.93	2.95	0.93	3.59	3238
55.2	Cib	0.34	2.86	0.34	3.5	3244
55.25	 Cw	0.39	2.94	0.39	3.58	3249
55.3	 Cw	0.56	2.92	0.56	3.56	3255
55.35	 Cw	0.42	2.86	0.42	3.5	3260
55.4	 Cw	0.68	3.12	0.68	3.76	3266
55.45	 Cw	0.6	3.14	0.6	3.78	3271
55.5	Cw	0.46	2.99	0.46	3.63	3277
55.55	 Cw	0.29	3.16	0.29	3.8	3282
55.6	 Cw	0.55	3.05	0.55	3.69	3287
55.7	 Cw	0.51	2.9	0.51	3.54	3298
55.75	 Cw	0.68	2.81	0.68	3.45	3304
55.8	 Cw	0.49	2.94	0.49	3.58	3309
55.85	 Cw	0.43	2.94	0.43	3.58	3315
55.9	 Cw	0.44	2.94	0.44	3.58	3320
55.95	 Cw	0.61	3.01	0.61	3.65	3326
56	 Cw	0.51	2.87	0.51	3.51	3331
56.05	 Cw	0.4	3.07	0.4	3.71	3337
56.1	 Cw	0.39	2.87	0.39	3.51	3342
56.15	 Cw	0.64	2.92	0.64	3.56	3348
56.2	 Cw	0.56	2.83	0.56	3.47	3353
56.25	 Cw	0.49	2.81	0.49	3.45	3359
56.3	 Cw	0.46	2.5	0.46	3.14	3365
56.35	 Cw	0.61	2.83	0.61	3.47	3370
56.4	 Cw	0.58	2.82	0.58	3.46	3376
56.45	 Cw	0.37	2.82	0.37	3.46	3381
56.5	 Cw	0.85	2.8	0.85	3.44	3387
56.55	 Cw	0.72	2.84	0.72	3.48	3393
56.6	 Cw	0.57	2.69	0.57	3.33	3398
56.65	 Cw	0.25	2.68	0.25	3.32	3404
56.7	 Cw	0.45	2.69	0.45	3.33	3409
56.75	 Cw	0.56	2.54	0.56	3.18	3415
56.85	Cw	0.81	2.7	0.81	3.34	3426
56.9	Cw	0.4	2.74	0.4	3.38	3432
56.95	Cw	0.16	2.79	0.16	3.43	3437
57	Cw	0.35	2.7	0.35	3.34	3443
57.05	Cw	0.41	3.02	0.41	3.66	3449
57.1	Cw	0.63	2.87	0.63	3.51	3454
57.15	Cw	0.65	2.94	0.65	3.58	3460
57.2	Cw	0.79	2.84	0.79	3.48	3465
57.25	Cw	0.84	2.67	0.84	3.31	3471
57.28	Cw	0.81	2.73	0.81	3.37	3474
57.35	Cw	0.68	2.29	0.68	2.93	3482
57.5	Cw	0.73	2.73	0.73	3.37	3499
57.6	Cw	0.77	2.84	0.77	3.48	3510
57.65	Cw	0.48	2.74	0.48	3.38	3516
57.7	Cw	0.47	2.74	0.47	3.38	3521
57.78	Cw	0.23	2.62	0.23	3.26	3530
57.9	Cw	0.46	2.68	0.46	3.32	3544
58	Cw	0.71	2.77	0.71	3.41	3555
58.05	Cw	0.58	2.78	0.58	3.42	3560
58.2	Cw	0.53	2.89	0.53	3.53	3577
58.3	Cw	0.68	2.71	0.68	3.35	3588
58.4	Cw	0.36	2.42	0.36	3.06	3600
58.45	Cw	0.6	2.73	0.6	3.37	3605
58.5	Cw	0.34	2.72	0.34	3.36	3611
58.55	Cw	0.33	2.77	0.33	3.41	3616
58.6	Cw	0.31	2.91	0.31	3.55	3622
58.65	Cw	-0.1	2.65	-0.1	3.29	3628
58.7	Cw	0	3.13	0	3.77	3633
58.75	Cw	-0.17	3.06	-0.17	3.7	3639
58.75	Cw	0.08	2.95	0.08	3.59	3639
58.78	Cw	-0.15	2.9	-0.15	3.54	3642
58.85	Cw	0.01	3.01	0.01	3.65	3650
58.9	Cw	0.19	2.79	0.19	3.43	3656
58.95	Cw	0.2	2.8	0.2	3.44	3661
59	Cw	0.25	2.66	0.25	3.3	3667
59.05	Cw	0.59	2.58	0.59	3.22	3672
59.05	Cw	0.39	2.76	0.39	3.4	3672
59.1	Cw	0.26	2.65	0.26	3.29	3678
59.15	Cw	0.29	2.82	0.29	3.46	3684
59.2	Cw	0.46	2.61	0.46	3.25	3689
59.25	Cw	0.59	2.69	0.59	3.33	3695
59.28	Cw	0.62	2.59	0.62	3.23	3698
59.35	Cw	0.51	2.46	0.51	3.1	3706
59.35	Cw	0.45	2.55	0.45	3.19	3706
59.4	Cw	0.47	2.73	0.47	3.37	3712
59.45	Cw	0.19	2.76	0.19	3.4	3717
59.5	Cw	0.26	2.74	0.26	3.38	3723
59.55	Cw	0.11	2.84	0.11	3.48	3728
59.6	Cw	-0.04	2.92	-0.04	3.56	3734
59.65	Cw	0.1	2.96	0.1	3.6	3739
59.65	Cw	-0.08	2.86	-0.08	3.5	3739
59.7	Cw	-0.11	2.99	-0.11	3.63	3745
59.75	Cw	0.4	3	0.4	3.64	3751
59.8	Cw	0.25	2.58	0.25	3.22	3756
59.9	Cw	0.08	2.55	0.08	3.19	3767
59.95	Cw	0.46	2.47	0.46	3.11	3773
60	Cw	0.54	2.55	0.54	3.19	3779
60	Cw	0.39	2.42	0.39	3.06	3779
60.05	Cw	0.3	2.76	0.3	3.4	3784
60.1	Cw	0.56	2.6	0.56	3.24	3790
60.15	Cw	0.47	2.49	0.47	3.13	3795
60.2	Cw	0.38	2.58	0.38	3.22	3801
60.25	Cw	0.26	2.53	0.26	3.17	3807
60.3	Cw	0.24	2.76	0.24	3.4	3812
60.3	Cw	0.03	2.83	0.03	3.47	3812
60.35	Cw	0.36	2.56	0.36	3.2	3818
60.4	Cw	0.02	2.85	0.02	3.49	3823
60.45	Cw	0.28	2.66	0.28	3.3	3829
60.5	Cw	0.03	2.77	0.03	3.41	3835
60.55	Cw	0.17	2.96	0.17	3.6	3840
60.6	Cw	0.1	2.93	0.1	3.57	3846
60.7	Cw	0.36	2.84	0.36	3.48	3857
60.75	Cw	0.29	2.64	0.29	3.28	3863
60.8	Cw	0.56	2.67	0.56	3.31	3868
60.85	Cw	0.49	2.61	0.49	3.25	3874
60.9	Cw	0.21	2.81	0.21	3.45	3879
60.95	Cw	-0.03	2.83	-0.03	3.47	3885
61	Cw	0.38	2.55	0.38	3.19	3891
61.05	Cw	0.22	2.66	0.22	3.3	3896
61.1	Cw	0.53	2.57	0.53	3.21	3902
61.15	Cw	0.62	2.55	0.62	3.19	3907
61.2	Cw	0.43	2.56	0.43	3.2	3913
61.25	 Cw	0.48	2.6	0.48	3.24	3919
61.3	 Cw	0.58	2.4	0.58	3.04	3924
61.35	 Cw	0.55	2.45	0.55	3.09	3930
61.4	Cw	0.12	2.81	0.12	3.45	3935
61.45	Cw	0.29	2.72	0.29	3.36	3941
61.5	Cw	0.28	2.75	0.28	3.39	3947
61.55	Cw	0.51	2.71	0.51	3.35	3952
61.6	Cw	0.46	2.39	0.46	3.03	3958
61.65	Cw	0.05	2.43	0.05	3.07	3963
61.7	Cw	0.4	2.78	0.4	3.42	3969
61.75	Cw	0.53	2.56	0.53	3.2	3975
61.8	Cw	0.46	2.66	0.46	3.3	3980
61.85	Cw	0.27	2.53	0.27	3.17	3986
61.9	Cw	0.5	2.44	0.5	3.08	3991
61.95	Cw	0.2	2.54	0.2	3.18	3997
62	Cw	0.48	2.56	0.48	3.2	4002
62.05	Cw	0.22	2.57	0.22	3.21	4008
62.1	Cw	0.21	2.64	0.21	3.28	4014
62.15	Cw	0.12	2.58	0.12	3.22	4019
62.2	Cw	0.17	2.45	0.17	3.09	4025
62.25	Cw	0.2	2.84	0.2	3.48	4030
62.3	Cw	0.28	2.74	0.28	3.38	4036
62.35	Cw	0.18	2.74	0.18	3.38	4042
62.39	Cw	-0.17	2.93	-0.17	3.57	4046
62.44	Cw	-0.07	2.85	-0.07	3.49	4052
62.49	Cw	0.15	2.71	0.15	3.35	4057
62.54	Cw	0.5	2.81	0.5	3.45	4063
62.59	Cw	0.07	2.92	0.07	3.56	4069
62.64	Cw	0.28	2.86	0.28	3.5	4074
62.69	Cw	0.19	2.62	0.19	3.26	4080
62.74	Cw	0.65	2.79	0.65	3.43	4085
62.79	Cw	0.24	2.57	0.24	3.21	4091
62.84	Cw	0.59	2.62	0.59	3.26	4096
62.89	Cw	0.75	2.64	0.75	3.28	4102
62.94	Cw	0.4	2.83	0.4	3.47	4108
62.99	Cw	0.62	2.69	0.62	3.33	4113
63.04	Cw	0.57	2.62	0.57	3.26	4119
63.09	Cw	0.33	2.91	0.33	3.55	4124
63.14	Cw	0.29	2.75	0.29	3.39	4130
63.19	Cw	0.58	2.53	0.58	3.17	4136
63.24	Cw	0.67	2.64	0.67	3.28	4141
63.29	Cw	0.66	2.96	0.66	3.6	4147
63.34	Cw	0.42	2.57	0.42	3.21	4152
63.39	Cw	0.15	2.75	0.15	3.39	4158
63.44	Cw	0.47	2.55	0.47	3.19	4164
63.49	Cw	0.32	2.76	0.32	3.4	4169
63.54	Cw	0.21	2.57	0.21	3.21	4175
63.59	Cw	0.41	2.56	0.41	3.2	4180
63.64	Cw	0.41	2.67	0.41	3.31	4186
63.69	Cw	0.41	2.63	0.41	3.27	4192
63.74	Cw	0.77	2.7	0.77	3.34	4197
63.79	Cw	0.4	2.44	0.4	3.08	4203
63.84	Cw	0.06	2.94	0.06	3.58	4208
63.89	Cw	0.08	2.83	0.08	3.47	4214
63.94	Glob	0.17	3.41	0.67	3.31	4220
63.99	Cw	0.01	2.67	0.01	3.31	4225
64.04	Cw	0.28	2.87	0.28	3.51	4231
64.09	Cw	0.21	2.78	0.21	3.42	4236
64.14	Cw	0.53	2.53	0.53	3.17	4242
64.19	Cw	0.58	2.64	0.58	3.28	4248
64.29	Cw	0.23	2.6	0.23	3.24	4259
64.34	Cw	0.35	2.75	0.35	3.39	4264
64.39	Cw	0.36	2.86	0.36	3.5	4270
64.44	Cw	0.62	2.8	0.62	3.44	4276
64.54	Cw	0.31	2.74	0.31	3.38	4287
64.59	Cw	0.34	2.7	0.34	3.34	4292
64.64	Cw	0.59	2.58	0.59	3.22	4298
64.69	Cw	0.44	2.6	0.44	3.24	4304
64.79	Cw	0.55	2.58	0.55	3.22	4315
64.84	Cw	0.32	2.4	0.32	3.04	4320
64.89	Cw	0.5	2.62	0.5	3.26	4326
64.94	Cw	0.6	2.54	0.6	3.18	4332
64.99	Cw	0.16	2.9	0.16	3.54	4337
65.04	Cw	-0.02	2.85	-0.02	3.49	4343
65.09	Cw	0.08	2.77	0.08	3.41	4348
