/* DATA DESCRIPTION:
Citation:	McIntyre, K et al. (1999): Pliocene-Pleistocene stable oxygen and carbon isotope ratios of Cibicidoides wuellerstorfi from ODP Site 162-983 in the North Atlantic, doi:10.1594/PANGAEA.698996,
	In Supplement to: McIntyre, K; Ravelo, A Christina; Delaney, Margaret Lois (1999): North Atlantic intermediate waters in the Late Pliocene to Early Pleistocene, Paleoceanography, 14(3), 324-335, doi:10.1029/1998PA900005
Project(s):	Ocean Drilling Program (ODP) (URI: http://odp.pangaea.de/)
Coverage:	WEST: -23.6407 * EAST: -23.6407 * SOUTH: 60.4035 * NORTH: 60.4035
	MINIMUM AGE: 1390.000 ka BP * MAXIMUM AGE: 1967.290 ka BP
	MINIMUM DEPTH, sediment: 179.6 m * MAXIMUM DEPTH, sediment: 287.7 m
Event(s):	162-983 * LATITUDE: 60.4035 * LONGITUDE: -23.6407 * ELEVATION: -1983.7 m * DATE/TIME: 1995-07-21T00:00:00 * DATE/TIME 2: 1995-07-24T00:00:00 * RECOVERY: 798.00 m * PENETRATION: 766.50 m * CAMPAIGN: Leg162 (URI: doi:10.2973/odp.proc.ir.162.1996) * BASIS: Joides Resolution (URI: http://odp.pangaea.de/resolutn.html) * DEVICE: Composite Core * COMMENT: 82 cores; 766.5 m cored; 0 m drilled; 104.1% recovery
Comment:	Depth is composite depth (mcd)
Parameter(s):	DEPTH, sediment [m] (Depth) * Geocode
	AGE [ka BP] (Age) * Geocode
	Size fraction > 0.063 mm, sand [%] (>63 µm) * PI: McIntyre, K * METHOD: Grain size, sieving
	Cibicidoides wuellerstorfi, d13C [per mil PDB] (C. wuellerstorfi d13C) * PI: McIntyre, K * METHOD: Mass spectrometer
	Cibicidoides wuellerstorfi, d18O [per mil PDB] (C. wuellerstorfi d18O) * PI: McIntyre, K * METHOD: Mass spectrometer
Size:	873 data points
*/
Depth [m]	Age [ka BP]	>63 µm [%]	C. wuellerstorfi d13C [per mil PDB]	C. wuellerstorfi d18O [per mil PDB]
179.59	1390.00	0.43	0.62	3.05
179.89	1392.08	1.24	0.65	2.92
180.19	1394.17	2.68	1.00	3.12
180.49	1396.25	4.32	1.12	3.11
180.89	1399.03	5.81	0.51	3.71
181.09	1400.42	7.72	0.94	3.10
181.39	1402.50	12.85	0.81	3.14
181.69	1404.58	7.90	0.82	3.17
181.99	1406.67	0.32	0.80	3.27
182.29	1408.75	0.79	0.64	3.23
182.59	1410.83	2.19	0.32	3.54
182.89	1412.92	0.51		
183.19	1415.00	0.76	0.77	3.85
183.49	1417.08	1.68		
183.73	1418.75	0.40	0.81	4.07
183.79	1419.17	0.49	0.88	3.95
184.03	1420.83	0.18		
184.33	1422.92	0.37	0.62	4.31
184.63	1425.00	0.49	0.64	4.30
184.93	1425.56	0.61		
185.23	1426.11	2.90	0.49	3.58
185.53	1426.67	0.19		
185.83	1427.22	0.70	0.71	3.40
186.13	1427.78	0.17		
186.43	1428.33	0.72	0.59	3.56
186.73	1428.89	1.35	0.48	3.30
187.03	1429.44	2.38	0.87	3.11
187.33	1430.00	4.36	0.75	2.95
188.53	1436.67	3.67		
188.83	1438.33	4.69	0.79	2.85
189.13	1440.00	3.79	0.50	2.84
189.43	1441.67	4.86		
189.73	1443.33	3.74		
190.03	1445.00	3.20	0.21	2.78
190.33	1446.67	3.30	0.85	2.83
190.63	1448.33	3.24	0.68	2.82
190.93	1450.00	5.37	0.31	2.87
191.23	1451.67	3.59	0.36	2.91
191.53	1453.33	2.82	0.49	2.79
191.83	1455.00	2.55	0.64	2.74
192.13	1456.90	2.70	-0.05	2.38
192.16	1457.10	10.67		
192.46	1459.00	1.70	1.18	4.75
192.76	1461.81	3.31	-0.06	4.17
193.06	1464.61	1.31		
193.35	1467.32	0.47		
193.36	1467.42	0.60	0.65	4.17
193.65	1470.13	0.79		
193.66	1470.22	1.71		
193.95	1472.94	0.96		
194.25	1475.74	1.65		
194.55	1478.55	0.57		
194.85	1481.35	0.84	0.84	3.67
195.04	1483.13	2.35	0.84	3.41
195.15	1484.16	0.80	0.75	3.64
195.24	1485.00	3.54	0.36	2.33
195.54	1485.88	3.21		
195.84	1486.75	2.52		
196.14	1487.63	2.52	0.98	2.87
196.44	1488.50	5.24	0.96	2.80
196.74	1489.37	4.32	0.89	2.94
197.04	1490.25	2.13	0.99	2.97
197.34	1491.12	1.71	0.79	2.99
197.64	1492.00	2.51	0.77	3.24
197.94	1492.87	3.07	1.10	3.41
198.24	1493.75	6.24	0.67	2.96
198.54	1494.62	7.61	0.95	2.91
198.84	1495.50	8.17		
199.14	1496.37	2.85		
199.44	1497.25	0.90		
199.74	1498.12	0.50		
200.04	1499.00	0.46	0.88	3.90
201.84	1516.33		0.90	3.58
202.14	1519.22		0.81	3.46
202.44	1522.11		0.96	3.42
202.74	1525.00	7.85	0.79	3.62
202.74	1525.00		0.95	3.33
203.04	1526.17	3.24	0.70	3.42
203.34	1527.33	2.25	0.87	3.60
203.64	1528.50	2.82	0.48	3.66
203.94	1529.67	1.76	0.13	3.62
204.24	1530.83	1.50	0.03	3.94
204.54	1532.00	0.55	0.15	4.58
204.76	1533.44		0.80	4.42
204.84	1533.97	0.84	0.78	3.34
205.06	1535.42		0.10	4.20
205.14	1535.94	0.43		
205.36	1537.39	0.58	0.29	4.33
205.66	1539.36	2.59	0.77	4.19
205.96	1541.33	1.00	1.15	3.80
206.26	1543.30	0.70		
206.56	1545.27	0.75	0.80	3.87
206.86	1547.24	1.24		
207.16	1549.21	2.32	0.28	3.07
207.46	1551.18	0.45	0.44	3.64
207.76	1553.15	1.08	0.03	3.51
208.06	1555.12	0.89	0.51	3.91
208.36	1557.09	1.44		
208.66	1559.06	1.85	0.61	3.29
208.96	1561.03	6.17		
209.26	1563.00	6.24	0.79	3.19
209.56	1564.31	4.90	0.45	3.40
209.86	1565.61	1.04	0.55	3.89
210.16	1566.92	1.14		
210.46	1568.23	0.73		
210.76	1569.53	0.56		
211.06	1570.84	1.18		
211.36	1572.15	0.69	0.47	3.66
211.66	1573.45	1.19	1.19	3.95
211.96	1574.76	1.92		
212.26	1576.07	1.72		
212.56	1577.37	1.05		
212.60	1577.55	0.76	1.27	4.25
212.86	1578.68	0.89		
212.90	1578.85	0.78		
213.20	1580.16	0.65		
213.50	1581.47	0.07		
213.80	1582.77	0.79		
214.10	1584.08	1.08		
214.30	1584.95	1.26		
214.70	1586.69	1.30	0.19	4.57
214.97	1587.87	0.58	0.22	3.60
215.00	1588.00	0.47	0.96	5.75
215.27	1589.30	1.22		
215.57	1590.75	0.60		
215.87	1592.20	0.80	1.08	3.68
216.17	1593.65	0.70	1.38	3.19
216.47	1595.10	0.96		
216.77	1596.55	1.84		
217.07	1598.00	4.25	1.08	3.11
217.37	1599.91	6.21	1.12	2.40
217.67	1601.83	3.13	0.64	3.19
217.97	1603.74	2.95	0.96	3.23
218.27	1605.66	2.58	0.99	3.45
218.57	1607.57	2.16		
218.87	1609.49	1.61	0.81	3.55
219.17	1611.40	1.55	0.67	3.51
219.47	1613.32	2.47	0.80	3.66
219.77	1615.23	2.37	0.53	3.38
220.07	1617.15	2.10		
220.37	1619.06	1.56	1.00	3.79
220.67	1620.98	0.45	0.16	3.45
220.97	1622.89	0.63		
221.27	1624.81	0.72		
221.57	1626.72	1.25	0.52	3.18
221.85	1628.51	0.80		
222.15	1630.43	0.47		
222.45	1632.34	1.66	1.09	3.40
222.75	1634.26	2.43	1.27	4.25
223.05	1636.17	2.57	0.94	3.42
223.35	1638.09	11.77		
223.65	1640.00	0.83	0.93	3.05
223.95	1641.45	1.62		
224.25	1642.89	0.65		
224.55	1644.34	0.66		
224.85	1645.78	0.66		
225.15	1647.23	0.72		
225.24	1647.66	1.06	0.64	3.68
225.44	1648.63	0.71		
225.54	1649.11	0.61	0.63	3.72
225.84	1650.55	0.62		
226.14	1652.00	1.42	0.22	3.94
226.44	1654.50	0.75		
226.74	1657.00	1.07	0.23	3.54
227.04	1659.50	0.92		
227.34	1662.00	2.38		
227.64	1664.50	0.37		
227.94	1667.00	0.94		
228.24	1669.50	2.97		
228.54	1672.00	0.83	0.36	3.66
228.84	1674.50	0.88	0.83	3.54
229.14	1677.00	1.32	0.64	3.59
229.44	1679.50	1.47	0.38	3.37
229.74	1682.00	2.13		
230.04	1684.50	3.31	0.74	3.23
230.34	1687.00	4.23	0.21	3.25
230.64	1687.77	6.27	0.49	3.39
230.94	1688.53	6.09	0.56	3.25
231.24	1689.30	5.74	0.64	3.24
231.54	1690.06	6.91	0.61	3.26
231.84	1690.83	8.26	0.95	3.22
232.14	1691.59	8.41	0.78	3.25
232.44	1692.36	7.80	0.69	3.28
232.53	1692.58	6.67		
232.74	1693.12	5.86	0.73	3.18
232.83	1693.35	4.26	0.85	3.47
233.13	1694.11	2.71	0.62	3.12
233.43	1694.88	3.22	0.74	3.50
233.73	1695.64	3.45	0.72	3.61
234.03	1696.41	0.92	0.53	3.44
234.33	1697.17	0.84		
234.63	1697.94	0.11		
234.93	1698.70	1.62		
235.23	1699.47	0.68		
235.53	1700.23	0.26		
235.79	1700.90	0.24		
235.83	1701.00	0.15	1.24	3.78
236.09	1703.04	2.04		
236.39	1705.39	1.87		
236.69	1707.74	4.63	0.36	3.39
236.99	1710.09	3.07	0.72	2.42
237.29	1712.44	3.69	0.29	2.91
237.59	1714.79	1.45		
237.69	1715.57	0.86	0.10	3.21
237.79	1716.36	0.98	0.40	3.48
237.89	1717.14	1.15	-0.83	3.18
238.19	1719.49	0.52		
238.49	1721.84	0.54		
238.79	1724.19	0.50		
239.09	1726.54	0.60		
239.39	1728.90	0.78		
239.69	1731.25	1.11	0.10	3.38
239.99	1733.60	2.91	0.27	3.42
240.29	1735.95	4.04	0.59	3.22
240.59	1738.30	0.27		
240.89	1740.65	8.52		
241.19	1743.00	0.76	0.39	4.02
241.49	1744.40	0.27		
241.79	1745.79	0.42		
242.09	1747.19	0.32		
242.39	1748.59	0.41		
242.69	1749.98	0.37		
242.99	1751.38	0.28		
243.29	1752.78	0.41		
243.59	1754.17	1.29		
243.77	1755.01	0.56	0.50	3.34
244.07	1756.41	2.23	0.90	3.30
244.37	1757.80	4.55	0.79	3.33
244.67	1759.20	4.69	1.00	3.28
244.97	1760.60	8.39	0.82	3.23
245.27	1761.99	5.92	0.97	3.25
245.53	1763.20	15.68		
245.57	1763.39	10.76	0.78	3.31
245.83	1764.60	7.75	0.85	3.17
246.13	1766.00	12.54		
246.43	1767.39	6.29	0.71	3.20
246.73	1768.79	6.68	0.86	3.14
247.03	1770.38	5.17		
247.19	1771.90	4.96		
247.33	1773.23	6.16		
247.49	1774.75	5.68	0.82	3.12
247.79	1777.60	5.14	0.79	3.14
248.09	1780.45	6.47	0.70	3.42
248.40	1783.39	2.68	0.56	3.48
248.69	1786.15	1.55	0.55	3.48
248.99	1789.00	3.51	0.09	3.59
249.24	1792.20	11.59	-0.41	3.20
249.29	1792.84	0.41	-0.27	3.26
249.59	1796.67	0.50		
249.89	1800.15	1.10		
250.19	1801.31	0.62		
250.49	1802.46	1.38		
250.79	1803.61	0.42		
251.09	1804.76	0.75		
251.40	1805.95	1.17		
251.69	1807.06	0.52		
251.99	1808.22	0.82		
252.31	1809.44	3.17	0.69	3.50
252.61	1810.60	1.59	0.95	3.28
252.91	1811.75	1.99	0.77	3.08
253.21	1812.90	2.21		
253.51	1814.05	1.62	0.28	3.22
253.76	1815.01	0.92	0.40	3.33
253.81	1815.20	1.04	0.12	3.35
254.11	1816.35	0.82		
254.42	1817.54	0.72		
254.71	1818.66	0.73	0.72	3.16
254.72	1818.70	1.64	1.12	3.42
255.01	1819.81	1.08	0.71	3.28
255.02	1819.85	1.22	0.63	3.34
255.32	1821.00	3.13	0.78	3.09
255.62	1825.33	1.71	0.76	3.34
255.92	1829.67	1.98	0.90	3.31
256.22	1834.00	1.44	0.92	3.38
256.52	1838.33	1.33		
256.57	1839.06	3.86	-0.39	2.92
256.62	1839.78	1.98	-0.28	2.84
256.67	1840.50	3.40	-0.09	3.27
256.72	1841.22	4.39	-0.19	2.29
256.82	1842.67	0.71		
257.08	1846.42	0.34		
257.12	1847.00	3.17	0.53	3.78
257.32	1847.28	10.62	-0.08	3.47
257.37	1847.35	2.40	-0.24	3.54
257.38	1847.36	1.35		
257.68	1847.77	0.56		
257.98	1848.19	0.33		
258.28	1848.60	0.88		
258.58	1849.02	3.52		
258.89	1849.45	1.83		
259.28	1849.99	0.82	0.61	3.46
259.48	1850.26	0.39		
259.78	1850.68	0.68		
260.08	1851.09	0.86	0.55	3.28
260.38	1851.51	0.36		
260.68	1851.92	1.01		
260.98	1852.34	0.87		
261.28	1852.75	1.26	0.78	3.26
261.58	1853.17	0.30	0.80	3.28
261.89	1853.60	3.31	0.73	3.25
262.18	1854.00	4.04	0.84	3.13
262.48	1854.71	1.75	0.27	3.37
262.78	1855.41	0.66		
263.08	1856.12	0.28		
263.38	1856.83	0.57	0.58	3.32
263.68	1857.54	0.60	0.73	3.45
263.95	1858.17	0.11	0.26	2.29
263.98	1858.24	0.64		
264.25	1858.88	0.23	0.59	3.62
264.56	1859.61	0.13		
264.85	1860.29	0.15		
265.15	1861.00	0.67	0.78	3.70
265.45	1864.10	0.37		
265.75	1867.19	0.16		
266.05	1870.29	0.78		
266.35	1873.38	0.51	1.40	2.39
266.65	1876.48	1.04		
266.95	1879.58	1.62	1.18	3.36
267.00	1880.09	2.07	0.97	3.25
267.25	1882.67	2.55	1.05	3.38
267.36	1883.81	4.62	1.05	3.30
267.55	1885.77	2.42		
267.66	1886.90	1.64	0.95	3.40
267.96	1890.00	2.88	0.53	3.25
268.26	1890.65	2.53	0.63	3.22
268.56	1891.30	2.35	0.56	3.26
268.86	1891.95	4.14	0.68	3.31
269.16	1892.60	3.56	0.66	3.19
269.46	1893.25	5.05	0.53	3.25
269.76	1893.90	4.15	0.82	3.19
270.00	1894.42	12.22	0.81	3.31
270.06	1894.55	4.72	0.64	3.26
270.29	1895.05	20.31	0.93	3.18
270.34	1895.16	9.37	0.81	3.30
270.59	1895.70	12.59	0.39	3.25
270.89	1896.35	6.59	0.74	3.48
271.19	1897.00	8.28	0.90	3.23
271.49	1897.65	9.26	0.89	3.17
271.79	1898.30	11.66	0.87	3.23
272.09	1898.95	4.16	0.76	3.32
272.39	1899.61	2.25	0.76	3.48
272.69	1900.26	2.21	0.70	3.39
273.00	1900.93	0.40	0.34	3.39
273.29	1901.56	1.17	0.18	3.61
273.59	1902.21	0.64	-0.12	3.93
273.89	1902.86	0.42		
274.19	1903.51	4.10	0.25	3.87
274.49	1904.16	0.74	0.29	4.10
274.79	1904.81	1.34	0.09	3.95
275.09	1905.46	0.62	0.18	3.59
275.39	1906.11	1.00	0.51	3.73
275.69	1906.76	0.54	-0.24	3.79
275.89	1907.19	0.73	-0.07	3.55
276.00	1907.43	0.54		
276.29	1908.06	0.99		
276.59	1908.71	1.41		
276.75	1909.06	0.59		
276.89	1909.36	0.69		
276.90	1909.38	0.26		
277.10	1909.82	1.24	-0.10	3.31
277.14	1909.90	0.74		
277.22	1910.08	1.11	0.21	3.37
277.25	1910.14	1.24	0.24	3.48
277.30	1910.25	0.91	0.20	3.53
277.40	1910.47	0.17	0.32	3.65
277.71	1911.14	0.79	0.24	3.69
278.00	1911.77	0.65		
278.26	1912.33	0.68		
278.66	1913.20	0.88	0.27	3.44
278.96	1913.85	1.26	0.55	3.50
279.26	1914.50	0.87		
279.56	1915.94	0.53		
279.86	1919.94	0.96	0.55	3.14
280.17	1924.09	1.14		
280.46	1927.96	1.29	0.76	3.09
280.76	1931.97	1.47		
281.06	1935.98	2.12		
281.36	1939.99	1.17	-0.01	3.09
281.66	1944.00	1.98	0.13	3.05
281.96	1950.06	2.91	0.52	3.18
282.26	1950.18	4.01	0.81	3.08
282.56	1950.30	2.53		
282.86	1950.41	1.46		
283.17	1950.54	3.90		
283.46	1950.65	0.69		
283.76	1950.77	1.32		
284.06	1950.88	0.50		
284.36	1951.00	0.34	-0.11	3.85
284.66	1952.48	1.16		
284.96	1953.96	1.36		
285.26	1955.44	0.45		
285.56	1956.92	2.00	-0.55	3.16
285.86	1958.40	0.91	0.24	3.46
286.17	1959.93	1.02	0.27	3.16
286.46	1961.36	0.82	0.22	3.50
286.76	1962.85	0.36		
287.06	1964.33	0.46	0.44	3.31
287.36	1965.81	0.48	0.59	3.25
287.66	1967.29	0.84		
