F	P	O	N	M	L	K	corr. depth	Age (ka) 112	CW 13C	CW 18O	% Sand	%Sand/100%CaCO3	%CaCO3
999.00	A	8.0000	1.0000	105.00	107.00	65.650	65.610	2000.9			21.360	43.308	49.314
999.00	A	8.0000	1.0000	115.00	117.00	65.750	65.700	2003.3			19.480	44.723	43.558
999.00	A	8.0000	1.0000	125.00	127.00	65.850	65.800	2006.0	0.92	3.47	18.620	40.986	45.423
999.00	A	8.0000	1.0000	135.00	137.00	65.950	65.890	2008.4			23.210	51.916	44.707
999.00	A	8.0000	1.0000	145.00	147.00	66.050	65.990	2011.1	1.01	3.29	17.120	41.223	41.533
999.00	A	8.0000	2.0000	5.0000	7.0000	66.150	66.080	2013.5			19.560	42.337	46.190
999.00	A	8.0000	2.0000	15.000	17.000	66.250	66.180	2016.2			25.140	47.868	52.529
999.00	A	8.0000	2.0000	25.000	27.000	66.350	66.270	2018.6	1.01	2.88	26.970	49.896	54.053
999.00	A	8.0000	2.0000	35.000	37.000	66.450	66.370	2021.3	1.06	3.00	22.100	42.249	52.304
999.00	A	8.0000	2.0000	45.000	47.000	66.550	66.470	2024.0	0.78	3.07	23.770	44.544	53.362
999.00	.	8.0000	2.0000	55.000	57.000	66.650	66.560	2026.4			22.510	40.884	55.061
999.00	A	8.0000	2.0000	65.000	67.000	66.750	66.660	2029.1			28.100	50.326	55.836
999.00	A	8.0000	2.0000	75.000	77.000	66.850	66.750	2031.5	0.87	2.92	28.240	47.571	59.368
999.00	A	8.0000	2.0000	85.000	87.000	66.950	66.850	2034.2	0.85	3.00	34.160	57.726	59.176
999.00	A	8.0000	2.0000	95.000	97.000	67.050	66.940	2036.6	1.02	3.28	29.960	50.382	59.468
999.00	A	8.0000	2.0000	105.00	107.00	67.150	67.040	2039.3	1.00	3.09	35.890	54.937	65.324
999.00	A	8.0000	2.0000	115.00	117.00	67.250	67.140	2042.0	0.92	3.33	31.930	48.759	65.490
999.00	A	8.0000	2.0000	125.00	127.00	67.350	67.230	2044.6			29.520	47.006	62.808
999.00	A	8.0000	2.0000	135.00	137.00	67.450	67.330	2047.4			27.430	47.281	58.010
999.00	A	8.0000	2.0000	145.00	147.00	67.550	67.420	2050.0	0.88	3.28	25.740	41.741	61.667
999.00	A	8.0000	3.0000	5.0000	7.0000	67.650	67.520	2052.8	0.90	3.00	25.690	43.219	59.435
999.00	A	8.0000	3.0000	15.000	17.000	67.750	67.610	2055.4	0.85	3.00	28.040	45.991	60.959
999.00	A	8.0000	3.0000	25.000	27.000	67.850	67.710	2058.2	0.81	2.97	29.500	50.575	58.327
999.00	A	8.0000	3.0000	35.000	37.000	67.950	67.810	2061.0	0.81	2.99	32.040	55.782	57.435
999.00	A	8.0000	3.0000	45.000	47.000	68.050	67.900	2063.6	0.75	3.45	28.300	50.530	56.011
999.00	.	8.0000	3.0000	55.000	57.000	68.150	68.000	2066.4	0.67	3.21	29.700	51.711	57.435
999.00	A	8.0000	3.0000	65.000	67.000	68.250	68.090	2069.0	0.63	3.13	31.900	61.886	51.546
999.00	A	8.0000	3.0000	75.000	77.000	68.350	68.190	2072.1	0.42	3.70	22.460	47.244	47.539
999.00	A	8.0000	3.0000	85.000	87.000	68.450	68.280	2075.0	0.59	3.79	25.130	50.881	49.389
999.00	A	8.0000	3.0000	94.000	96.000	68.540	68.370	2077.8	0.79	3.78	21.970	45.398	48.389
999.00	A	8.0000	3.0000	105.00	107.00	68.650	68.480	2081.3	0.75	3.72	23.140	47.139	49.080
999.00	A	8.0000	3.0000	115.00	117.00	68.750	68.570	2084.1	0.75	3.70	17.220	43.255	39.801
999.00	A	8.0000	3.0000	125.00	127.00	68.850	68.670	2087.2	0.87	3.64	15.750	39.616	39.759
999.00	A	8.0000	3.0000	135.00	137.00	68.950	68.760	2090.1	0.66	3.56	17.010	39.845	42.700
999.00	A	8.0000	3.0000	145.00	147.00	69.050	68.860	2093.2	0.84	3.28	15.400	32.993	46.665
999.00	A	8.0000	4.0000	7.0000	9.0000	69.170	68.970	2096.7	0.87	3.39	17.390	37.156	46.815
999.00	A	8.0000	4.0000	15.000	17.000	69.250	69.050	2099.2	0.46	2.99	18.650	36.571	51.005
999.00	A	8.0000	4.0000	25.000	27.000	69.350	69.140	2102.0	0.64	2.96	24.480	42.443	57.669
999.00	A	8.0000	4.0000	38.000	40.000	69.480	69.270	2106.1	0.64	2.91	24.920	46.774	53.270
999.00	A	8.0000	4.0000	45.000	47.000	69.550	69.340	2108.2	0.68	3.23	18.590	38.626	48.131
999.00	.	8.0000	4.0000	55.000	57.000	69.650	69.430	2111.0	0.74	3.17	18.910	36.180	52.254
999.00	A	8.0000	4.0000	65.000	67.000	69.750	69.530	2114.2			20.450	36.776	55.619
999.00	A	8.0000	4.0000	75.000	77.000	69.850	69.620	2117.0	0.69	3.04	21.560	38.511	55.994
999.00	A	8.0000	4.0000	85.000	87.000	69.950	69.720	2120.1	0.46	2.83	25.250	46.420	54.395
999.00	A	8.0000	4.0000	95.000	97.000	70.050	69.810	2122.9	0.67	3.35	16.530	39.013	42.375
999.00	A	8.0000	4.0000	105.00	107.00	70.150	69.910	2126.0	0.65	3.27	15.550	35.400	43.916
999.00	A	8.0000	4.0000	115.00	117.00	70.250	70.010	2130.2	0.70	3.41	19.150	35.748	53.562
999.00	A	8.0000	4.0000	125.00	127.00	70.350	70.100	2134.0	0.74	3.02	18.490	32.077	57.635
999.00	A	8.0000	4.0000	135.00	137.00	70.450	70.200	2138.1	0.73	3.01	23.270	40.486	57.477
999.00	A	8.0000	4.0000	145.00	147.00	70.550	70.290	2141.9			27.020	44.591	60.592
999.00	A	8.0000	5.0000	5.0000	7.0000	70.650	70.390	2146.1			28.640	50.137	57.127
999.00	A	8.0000	5.0000	15.000	17.000	70.750	70.480	2149.9	0.49	2.77	32.270	49.526	65.149
999.00	A	8.0000	5.0000	25.000	27.000	70.850	70.580	2154.0	0.43	2.64	38.130	59.224	64.391
999.00	A	8.0000	5.0000	35.000	37.000	70.950	70.680	2158.2	0.61	3.52	34.280	58.576	58.527
999.00	A	8.0000	5.0000	45.000	47.000	71.050	70.770	2162.0	0.78	3.81	32.080	57.092	56.194
999.00	.	8.0000	5.0000	55.000	57.000	71.150	70.870	2164.9	0.88	3.73	33.810	57.646	58.652
999.00	A	8.0000	5.0000	65.000	67.000	71.250	70.960	2167.5			25.250	51.502	49.022
999.00	A	8.0000	5.0000	75.000	77.000	71.350	71.060	2170.5	0.77	3.38	18.580	37.553	49.489
999.00	A	8.0000	5.0000	85.000	87.000	71.450	71.150	2173.1	0.76	3.29	18.560	40.296	46.065
999.00	A	8.0000	5.0000	95.000	97.000	71.550	71.250	2176.0	0.75	3.31	15.250	34.548	44.141
999.00	A	8.0000	5.0000	105.00	107.00	71.650	71.350	2178.9	0.77	2.97	20.750	35.741	58.068
999.00	A	8.0000	5.0000	115.00	117.00	71.750	71.440	2181.5	0.81	3.04	25.820	41.988	61.484
999.00	A	8.0000	5.0000	125.00	127.00	71.850	71.540	2184.5	0.83	2.83	28.880	47.036	61.400
999.00	A	8.0000	5.0000	135.00	137.00	71.950	71.630	2187.1	0.76	2.77	26.790	44.766	59.834
999.00	A	8.0000	5.0000	145.00	147.00	72.050	71.730	2190.0	0.76	2.78	27.210	43.296	62.842
999.00	A	8.0000	6.0000	5.0000	7.0000	72.150	71.820	2192.6			26.110	43.030	60.676
999.00	A	8.0000	6.0000	15.000	17.000	72.250	71.920	2195.5	0.62	2.88	25.780	42.485	60.684
999.00	A	8.0000	6.0000	25.000	27.000	72.350	72.010	2198.2	0.67	2.93	33.910	54.958	61.700
999.00	A	8.0000	6.0000	35.000	37.000	72.450	72.110	2201.1	0.66	3.24	22.100	41.244	53.579
999.00	A	8.0000	6.0000	45.000	47.000	72.550	72.210	2204.0	0.65	3.33	19.370	37.213	52.046
999.00	.	8.0000	6.0000	55.000	57.000	72.650	72.300	2207.1	0.66	3.30	21.150	37.033	57.102
999.00	A	8.0000	6.0000	65.000	67.000	72.750	72.400	2210.5	0.70	3.02	25.610	46.307	55.295
999.00	A	8.0000	6.0000	75.000	77.000	72.850	72.490	2213.6	0.59	3.05	26.820	45.237	59.293
999.00	A	8.0000	6.0000	85.000	87.000	72.950	72.590	2217.0	0.52	2.88	26.310	47.242	55.694
999.00	A	8.0000	6.0000	95.000	97.000	73.050	72.680	2220.1	0.67	3.37	19.360	39.132	49.472
999.00	A	8.0000	6.0000	105.00	107.00	73.150	72.780	2223.5	0.70	3.11	21.110	41.650	50.688
999.00	A	8.0000	6.0000	115.00	117.00	73.250	72.880	2226.9	0.59	3.09	26.210	44.109	59.426
999.00	A	8.0000	6.0000	125.00	127.00	73.350	72.970	2230.0	0.53	2.89	30.160	51.336	58.751
999.00	A	8.0000	6.0000	135.00	137.00	73.450	73.070	2233.4	0.32	2.92	25.290	48.671	51.954
999.00	A	8.0000	6.0000	145.00	147.00	73.550	73.160	2236.5			25.010	45.518	54.953
999.00	A	8.0000	7.0000	5.0000	7.0000	73.650	73.260	2239.9	0.39	2.97	20.950	39.583	52.937
999.00	A	8.0000	7.0000	15.000	17.000	73.750	73.350	2243.0	0.53	3.28	30.970	60.939	50.830
999.00	A	8.0000	7.0000	25.000	27.000	73.850	73.450	2246.1	0.50	3.22	25.660	48.268	53.154
999.00	A	8.0000	7.0000	35.000	37.000	73.950	73.550	2249.1	0.67	3.17	27.300	55.036	49.597
999.00	A	8.0000	7.0000	45.000	47.000	74.050	73.640	2251.9	0.77	3.16	18.400	33.654	54.661
999.00	.	8.0000	7.0000	55.000	57.000	74.150	73.740	2255.0	0.68	3.09	16.030	31.189	51.388
999.00	A	8.0000	7.0000	65.000	67.000	74.250	73.830	2257.7			27.580	47.472	58.102
999.00	A	8.0000	0.0000	5.0000	7.0000	74.350	73.930	2260.8			28.910	50.946	56.752
999.00	A	8.0000	0.0000	15.000	17.000	74.450	74.020	2263.6	0.66	2.78	32.760	55.028	59.535
999.00	A	9.0000	1.0000	5.0000	7.0000	74.150	74.150	2267.6					
999.00	A	9.0000	1.0000	15.000	17.000	74.250	74.240	2270.3	0.47	3.09	18.690	32.630	57.294
999.00	A	9.0000	1.0000	25.000	27.000	74.350	74.340	2273.4	0.41	2.80	18.180	35.838	50.730
999.00	A	9.0000	1.0000	35.000	37.000	74.450	74.430	2276.2	0.67	3.62	14.540	29.741	48.880
999.00	A	9.0000	1.0000	45.000	47.000	74.550	74.530	2279.2	0.61	3.08	17.230	34.928	49.330
999.00	.	9.0000	1.0000	55.000	57.000	74.650	74.620	2282.0	0.58	3.25	14.250	32.582	43.724
999.00	A	9.0000	1.0000	65.000	67.000	74.750	74.720	2285.4	0.69	3.17	12.860	29.479	43.641
999.00	A	9.0000	1.0000	75.000	77.000	74.850	74.810	2288.5			16.520	31.426	52.571
999.00	A	9.0000	1.0000	85.000	87.000	74.950	74.910	2291.9	0.59	3.14	22.690	38.592	58.801
999.00	A	9.0000	1.0000	95.000	97.000	75.050	75.000	2295.0	0.57	2.97	23.990	39.901	60.118
999.00	A	9.0000	1.0000	105.00	107.00	75.150	75.100	2298.5	0.69	3.28	24.100	40.421	59.626
999.00	A	9.0000	1.0000	115.00	117.00	75.250	75.190	2301.5			28.100	46.664	60.226
999.00	A	9.0000	1.0000	125.00	127.00	75.350	75.290	2305.0	0.47	2.91	26.790	44.027	60.859
999.00	A	9.0000	1.0000	135.00	137.00	75.450	75.380	2308.1			23.690	39.202	60.434
999.00	A	9.0000	1.0000	145.00	147.00	75.550	75.480	2311.5	0.41	3.10	25.110	41.098	61.101
999.00	A	9.0000	2.0000	5.0000	7.0000	75.650	75.570	2314.6	0.61	3.32	23.210	40.274	57.619
999.00	A	9.0000	2.0000	15.000	17.000	75.750	75.670	2318.0	0.58	3.12	25.040	45.638	54.861
999.00	A	9.0000	2.0000	25.000	27.000	75.850	75.760	2321.0	0.57	3.37	24.430	41.280	59.193
999.00	A	9.0000	2.0000	35.000	37.000	75.950	75.860	2324.4	0.55	3.09	21.700	37.395	58.027
999.00	A	9.0000	2.0000	45.000	47.000	76.050	75.950	2327.5	0.54	2.78	24.810	42.684	58.127
999.00	.	9.0000	2.0000	55.000	57.000	76.150	76.050	2330.9	0.43	2.82	15.480	33.489	46.223
999.00	A	9.0000	2.0000	65.000	67.000	76.250	76.140	2333.9	0.60	3.05	17.780	36.838	48.256
999.00	A	9.0000	2.0000	75.000	77.000	76.350	76.240	2337.3			15.520	31.429	49.372
999.00	A	9.0000	2.0000	85.000	87.000	76.450	76.330	2340.3	0.75	3.13	13.570	27.418	49.497
999.00	A	9.0000	2.0000	95.000	97.000	76.550	76.430	2343.7	0.69	2.81	22.070	40.247	54.828
999.00	A	9.0000	2.0000	105.00	107.00	76.650	76.520	2346.8	0.42	2.83	20.890	38.288	54.570
999.00	A	9.0000	2.0000	115.00	117.00	76.750	76.620	2350.1			17.230	28.319	60.826
999.00	A	9.0000	2.0000	125.00	127.00	76.850	76.710	2353.2	0.32	2.61	27.090	42.448	63.824
999.00	A	9.0000	2.0000	135.00	137.00	76.950	76.810	2356.6	0.50	2.94	25.790	41.150	62.683
999.00	A	9.0000	2.0000	145.00	147.00	77.050	76.900	2359.6	0.54	3.01	26.990		
999.00	A	9.0000	3.0000	5.0000	7.0000	77.150	77.000	2363.0	0.57	3.49	19.850	34.189	58.068
999.00	A	9.0000	3.0000	15.000	17.000	77.250	77.090	2366.3	0.67	3.36	22.480	38.153	58.926
999.00	A	9.0000	3.0000	25.000	27.000	77.350	77.180	2369.6	0.59	3.19	29.550	48.054	61.492
999.00	A	9.0000	3.0000	35.000	37.000	77.450	77.280	2373.3	0.61	3.03	20.680	39.405	52.487
999.00	A	9.0000	3.0000	45.000	47.000	77.550	77.370	2376.7	0.81	3.36	20.120	40.328	49.880
999.00	.	9.0000	3.0000	55.000	57.000	77.650	77.470	2380.4	0.76	3.17	15.450	30.818	50.138
999.00	A	9.0000	3.0000	65.000	67.000	77.750	77.560	2383.7	0.76	3.09	13.120	23.848	55.028
999.00	A	9.0000	3.0000	75.000	77.000	77.850	77.660	2387.4	0.79	2.77	15.550	27.886	55.778
999.00	A	9.0000	3.0000	85.000	87.000	77.950	77.750	2390.7	0.86	2.72	26.080	42.695	61.084
999.00	A	9.0000	3.0000	95.000	97.000	78.050	77.850	2394.4			19.050	33.524	56.811
999.00	A	9.0000	3.0000	105.00	107.00	78.150	77.940	2397.7	0.72	2.79	20.150	33.983	59.293
999.00	A	9.0000	3.0000	115.00	117.00	78.250	78.040	2401.4	0.85	3.07	19.750	33.243	59.410
999.00	A	9.0000	3.0000	125.00	127.00	78.350	78.130	2404.7	0.76	3.02	13.150	25.520	51.513
999.00	A	9.0000	3.0000	135.00	137.00	78.450	78.230	2408.4	0.73	2.97	16.890	29.741	56.794
999.00	A	9.0000	3.0000	143.00	145.00	78.530	78.300	2411.0	0.73	3.08	11.600	23.637	49.055
999.00	A	9.0000	4.0000	7.0000	9.0000	78.670	78.440	2414.7	0.83	3.05	13.260	24.923	53.212
999.00	A	9.0000	4.0000	15.000	17.000	78.750	78.510	2416.6	0.78	2.99	11.590	23.214	49.913
999.00	A	9.0000	4.0000	25.000	27.000	78.850	78.610	2419.3	0.78	2.98	17.410	32.566	53.470
999.00	A	9.0000	4.0000	35.000	37.000	78.950	78.700	2421.7	0.79	2.69	17.980	32.790	54.845
999.00	A	9.0000	4.0000	45.000	47.000	79.050	78.800	2424.3	0.80	2.85	23.520	41.916	56.111
999.00	.	9.0000	4.0000	55.000	57.000	79.150	78.890	2426.7			27.000	46.578	57.977
999.00	A	9.0000	4.0000	65.000	67.000	79.250	78.990	2429.4	0.60	3.00	22.570	40.146	56.219
999.00	A	9.0000	4.0000	75.000	77.000	79.350	79.080	2431.8	0.37	2.80	28.980	46.622	62.150
999.00	A	9.0000	4.0000	85.000	87.000	79.450	79.180	2434.5	0.39	2.86	27.580	47.090	58.560
999.00	A	9.0000	4.0000	95.000	97.000	79.550	79.270	2436.9	0.57	3.08	34.720	54.402	63.824
999.00	A	9.0000	4.0000	105.00	107.00	79.650	79.370	2439.5	0.26	2.87	40.910	61.585	66.423
999.00	A	9.0000	4.0000	115.00	117.00	79.750	79.460	2441.9	0.79	3.53	26.020	43.823	59.385
999.00	A	9.0000	4.0000	125.00	127.00	79.850	79.560	2444.6	0.93	3.63	22.920	42.494	53.928
999.00	A	9.0000	4.0000	135.00	137.00	79.950	79.650	2447.0	0.92	3.78	21.720	38.295	56.727
999.00	A	9.0000	4.0000	145.00	147.00	80.050	79.750	2449.4	0.68	3.53	17.030	32.005	53.195
999.00	A	9.0000	5.0000	5.0000	7.0000	80.150	79.840	2451.6	0.80	3.61	20.280	37.889	53.537
999.00	A	9.0000	5.0000	15.000	17.000	80.250	79.940	2454.0	0.80	3.66	19.560	39.536	49.464
999.00	A	9.0000	5.0000	25.000	27.000	80.350	80.030	2456.1	0.72	3.44	20.800	39.652	52.454
999.00	A	9.0000	5.0000	35.000	37.000	80.450	80.130	2458.6			30.650	52.726	58.135
999.00	A	9.0000	5.0000	45.000	47.000	80.550	80.220	2460.7			17.760	38.012	46.715
999.00	.	9.0000	5.0000	55.000	57.000	80.650	80.320	2463.1	0.63	2.76	12.850	28.574	44.957
999.00	A	9.0000	5.0000	65.000	67.000	80.750	80.410	2465.3			12.690	24.390	52.038
999.00	A	9.0000	5.0000	75.000	77.000	80.850	80.510	2467.7	0.25	2.75	17.380	33.311	52.171
999.00	A	9.0000	5.0000	85.000	87.000	80.950	80.600	2469.9			24.460	42.618	57.394
999.00	A	9.0000	5.0000	95.000	97.000	81.050	80.700	2472.3	0.73	2.87	25.640	48.611	52.746
999.00	A	9.0000	5.0000	105.00	107.00	81.150	80.790	2474.4	0.47	2.80	27.660	52.064	53.129
999.00	A	9.0000	5.0000	115.00	117.00	81.250	80.890	2476.9	0.42	2.87	37.010	59.484	62.225
999.00	A	9.0000	5.0000	125.00	127.00	81.350	80.980	2479.0	0.38	2.79	28.520	48.756	58.502
999.00	A	9.0000	5.0000	135.00	137.00	81.450	81.080	2481.4	0.40	2.99	39.140	61.796	63.333
999.00	A	9.0000	5.0000	145.00	147.00	81.550	81.170	2483.6	0.32	3.07	37.070	59.443	62.367
999.00	A	9.0000	6.0000	5.0000	7.0000	81.650	81.270	2486.0	0.30	3.17	36.500	59.980	60.859
999.00	A	9.0000	6.0000	15.000	17.000	81.750	81.360	2489.1	0.39	3.23	15.190	38.273	39.684
999.00	A	9.0000	6.0000	25.000	27.000	81.850	81.460	2492.6			8.2400	19.758	41.692
999.00	A	9.0000	6.0000	35.000	37.000	81.950	81.550	2495.7			13.060	30.122	43.374
999.00	A	9.0000	6.0000	45.000	47.000	82.050	81.650	2499.1			15.430	32.330	47.714
999.00	.	9.0000	6.0000	55.000	57.000	82.150	81.740	2502.2			14.600	29.048	50.263
999.00	A	9.0000	6.0000	65.000	67.000	82.250	81.840	2505.7	0.36	2.57	31.110	52.967	58.735
999.00	A	9.0000	6.0000	75.000	77.000	82.350	81.930	2508.8	0.47	2.91	31.130	47.303	65.815
999.00	A	9.0000	6.0000	85.000	87.000	82.450	82.030	2512.2	0.44	2.85	42.270	67.835	62.308
999.00	A	9.0000	6.0000	95.000	97.000	82.550	82.120	2515.3			29.670	54.719	54.220
999.00	A	9.0000	6.0000	105.00	107.00	82.650	82.210	2518.4	0.61	3.46	19.830	42.563	46.581
999.00	A	9.0000	6.0000	115.00	117.00	82.750	82.310	2521.9			23.260	49.321	47.164
999.00	A	9.0000	6.0000	125.00	127.00	82.850	82.400	2525.0	0.72	3.67	20.340	38.214	53.220
999.00	A	9.0000	6.0000	135.00	137.00	82.950	82.500	2528.4	0.64	3.13	13.770	27.974	49.214
999.00	A	9.0000	6.0000	145.00	147.00	83.050	82.590	2531.5			13.620	24.736	55.070
999.00	A	9.0000	7.0000	5.0000	7.0000	83.150	82.690	2534.9			12.630	20.817	60.676
999.00	A	9.0000	7.0000	15.000	17.000	83.250	82.780	2537.9	0.68	3.35	7.8500	18.710	41.967
999.00	A	9.0000	7.0000	25.000	27.000	83.350	82.880	2541.3	0.59	3.31	14.790	27.376	54.020
999.00	A	9.0000	7.0000	35.000	37.000	83.450	82.970	2544.4			13.440	23.724	56.652
999.00	A	9.0000	7.0000	45.000	47.000	83.550	83.070	2547.8	0.68	2.76	12.300	23.946	51.346
999.00	.	9.0000	7.0000	55.000	57.000	83.650	83.160	2550.9			13.320	25.572	52.071
999.00	A	9.0000	7.0000	65.000	67.000	83.750	83.260	2554.3	0.66	2.94	18.790	34.742	54.078
999.00	A	9.0000	0.0000	5.0000	7.0000	83.850	83.350	2557.3			21.040	39.541	53.220
999.00	A	9.0000	0.0000	15.000	17.000	83.950	83.450	2560.7	0.57	2.91	20.150	38.522	52.304
999.00	A	9.0000	0.0000	25.000	27.000	84.050	83.540	2563.8			19.460	35.331	55.070
999.00	A	10.000	1.0000	5.0000	7.0000	83.650	83.650	2567.5	0.42	3.01	13.730		
999.00	A	10.000	1.0000	15.000	17.000	83.750	83.740	2570.6			24.740	42.076	58.810
999.00	A	10.000	1.0000	25.000	27.000	83.850	83.840	2574.0			23.700	40.707	58.227
999.00	A	10.000	1.0000	35.000	37.000	83.950	83.930	2577.1			23.190	42.835	54.145
999.00	A	10.000	1.0000	45.000	47.000	84.050	84.030	2580.5	0.71	2.84	21.200	33.276	63.724
999.00	.	10.000	1.0000	55.000	57.000	84.150	84.120	2583.5	0.61	2.68	21.030	39.593	53.104
999.00	A	10.000	1.0000	65.000	67.000	84.250	84.220	2586.9	0.47	3.15	24.610	42.701	57.644
999.00	A	10.000	1.0000	75.000	77.000	84.350	84.310	2590.0	0.39	3.22	20.120	30.187	66.640
999.00	A	10.000	1.0000	85.000	87.000	84.450	84.400	2593.1	0.49	2.84	24.900	36.412	68.389
999.00	A	10.000	1.0000	95.000	97.000	84.550	84.500	2596.5	0.59	3.26	29.570	43.498	67.973
999.00	A	10.000	1.0000	105.00	107.00	84.650	84.590	2599.5	0.49	3.02	35.510	54.724	64.891
999.00	A	10.000	1.0000	115.00	117.00	84.750	84.690	2602.9	0.45	3.33	31.670	53.406	59.310
999.00	A	10.000	1.0000	125.00	127.00	84.850	84.780	2606.0	0.63	3.43	24.830	46.728	53.145
999.00	A	10.000	1.0000	135.00	137.00	84.950	84.880	2609.6	0.71	3.38	20.950	38.286	54.728
999.00	A	10.000	1.0000	145.00	147.00	85.050	84.970	2612.9	0.53	3.33	14.610	26.659	54.811
999.00	A	10.000	2.0000	5.0000	7.0000	85.150	85.070	2616.5	0.74	3.14	12.740	22.237	57.310
999.00	A	10.000	2.0000	15.000	17.000	85.250	85.160	2619.7	0.75	2.95	11.640	21.168	54.978
999.00	A	10.000	2.0000	25.000	27.000	85.350	85.260	2623.3	0.70	2.94	12.490	22.373	55.811
999.00	A	10.000	2.0000	35.000	37.000	85.450	85.350	2626.6	0.68	2.84	17.510	29.283	59.809
999.00	A	10.000	2.0000	45.000	47.000	85.550	85.450	2630.2	0.75	2.82	24.330	42.633	57.061
999.00	.	10.000	2.0000	55.000	56.000	85.650	85.540	2633.4			18.980	36.485	52.029
999.00	A	10.000	2.0000	65.000	67.000	85.750	85.630	2636.7	0.65	3.15	20.120		
999.00	A	10.000	2.0000	75.000	77.000	85.850	85.730	2640.3	0.61	3.15	18.500		
999.00	A	10.000	2.0000	85.000	87.000	85.950	85.820	2643.5	0.53	3.22	22.970	33.427	68.723
999.00	A	10.000	2.0000	95.000	97.000	86.050	85.920	2647.1	0.34	3.07	21.100	35.982	58.643
999.00	A	10.000	2.0000	105.00	107.00	86.150	86.010	2650.4	0.54	3.29	18.230	33.566	54.312
999.00	A	10.000	2.0000	115.00	117.00	86.250	86.110	2654.0	0.45	3.33	24.280	45.610	53.229
999.00	A	10.000	2.0000	125.00	127.00	86.350	86.200	2656.7	0.62	3.16	11.380	21.850	52.062
999.00	A	10.000	2.0000	135.00	137.00	86.450	86.300	2659.6	0.55	2.92	10.480	18.722	55.978
999.00	A	10.000	2.0000	145.00	147.00	86.550	86.390	2662.3	0.70	2.57	14.250	26.978	52.812
999.00	A	10.000	3.0000	5.0000	7.0000	86.650	86.490	2665.2	0.60	2.68	16.330	26.849	60.809
999.00	A	10.000	3.0000	15.000	17.000	86.750	86.580	2667.9	0.72	2.75	19.720	31.444	62.725
999.00	A	10.000	3.0000	25.000	27.000	86.850	86.680	2670.8	0.71	2.65	22.770	36.309	62.725
999.00	A	10.000	3.0000	35.000	37.000	86.950	86.770	2673.5	0.55	2.81	22.570	38.533	58.560
999.00	A	10.000	3.0000	45.000	47.000	87.050	86.860	2676.2	0.64	2.86	17.840	30.681	58.143
999.00	.	10.000	3.0000	55.000	57.000	87.150	86.960	2679.1	0.67	3.07	21.330	35.075	60.809
999.00	A	10.000	3.0000	65.000	67.000	87.250	87.050	2681.8	0.42	3.03	21.710	36.812	58.976
999.00	A	10.000	3.0000	75.000	77.000	87.350	87.150	2684.7	0.63	2.88	28.280	43.023	65.724
999.00	A	10.000	3.0000	85.000	87.000	87.450	87.240	2687.4	0.50	3.00	26.580	43.659	60.892
999.00	A	10.000	3.0000	95.000	97.000	87.550	87.340	2690.3	0.54	3.22	25.850		
999.00	A	10.000	3.0000	105.00	107.00	87.650	87.430	2693.0	0.66	3.57	24.280	38.810	62.558
999.00	A	10.000	3.0000	115.00	117.00	87.750	87.530	2697.1	0.61	3.41	25.740	41.259	62.392
999.00	A	10.000	3.0000	125.00	127.00	87.850	87.620	2700.9	0.59	3.17	25.150	44.871	56.061
999.00	A	10.000	3.0000	135.00	137.00	87.950	87.720	2705.0	0.63	3.30	27.280	44.262	61.642
999.00	A	10.000	3.0000	145.00	147.00	88.050	87.810	2708.8	0.59	3.36	19.580	33.289	58.810
999.00	A	10.000	4.0000	5.0000	7.0000	88.150	87.910	2712.9	0.59	3.20	23.610	38.146	61.892
999.00	A	10.000	4.0000	15.000	17.000	88.250	88.000	2716.6	0.57	3.20	20.710	33.681	61.475
999.00	A	10.000	4.0000	25.000	27.000	88.350	88.100	2720.8	0.54	3.27	22.730	33.070	68.723
999.00	A	10.000	4.0000	35.000	37.000	88.450	88.190	2724.5			25.780	40.675	63.391
999.00	A	10.000	4.0000	45.000	47.000	88.550	88.280	2728.2	0.40	3.48	30.550	52.778	57.894
999.00	.	10.000	4.0000	55.000	57.000	88.650	88.380	2732.4	0.58	3.32	28.220	46.027	61.309
999.00	A	10.000	4.0000	65.000	67.000	88.750	88.470	2736.1	0.47	3.12	25.200	41.562	60.642
999.00	A	10.000	4.0000	75.000	77.000	88.850	88.570	2740.3	0.66	3.37	16.400	25.842	63.475
999.00	?????	10.000	4.0000	85.000	87.000	88.950	88.660	2744.0	0.62	3.44	11.640	21.471	54.228
999.00	A	10.000	4.0000	95.000	97.000	89.050	88.760	2746.6	0.80	2.94	11.920	21.104	56.477
999.00	A	10.000	4.0000	105.00	107.00	89.150	88.850	2749.0	0.67	2.91	12.130	22.057	54.978
999.00	A	10.000	4.0000	115.00	117.00	89.250	88.950	2751.6	0.65	2.67	15.890	26.650	59.643
999.00	A	10.000	4.0000	125.00	127.00	89.350	89.040	2753.9	0.76	2.75	19.790	30.152	65.640
999.00	A	10.000	4.0000	135.00	137.00	89.450	89.140	2756.6	0.71	2.55	28.380	44.535	63.724
999.00	A	10.000	4.0000	145.00	147.00	89.550	89.230	2758.9	0.57	2.65	21.710	32.011	67.806
999.00	A	10.000	5.0000	5.0000	7.0000	89.650	89.330	2761.5	0.68	2.62	22.970	31.153	73.720
999.00	A	10.000	5.0000	15.000	17.000	89.750	89.420	2763.9	0.65	2.57	24.900	34.841	71.471
999.00	A	10.000	5.0000	25.000	27.000	89.850	89.510	2766.3	0.67	2.78	25.920	34.612	74.887
999.00	A	10.000	5.0000	35.000	37.000	89.950	89.610	2768.9	0.69	2.79	28.610	43.032	66.473
999.00	A	10.000	5.0000	45.000	47.000	90.050	89.700	2771.2			25.430		
999.00	.	10.000	5.0000	55.000	57.000	90.150	89.800	2773.8	0.46	2.95	22.040	35.566	61.975
999.00	A	10.000	5.0000	65.000	67.000	90.250	89.890	2776.2			20.640	32.216	64.058
999.00	A	10.000	5.0000	75.000	77.000	90.350	89.990	2778.8			18.090	34.417	52.562
999.00	A	10.000	5.0000	85.000	87.000	90.450	90.080	2781.2			17.710	29.363	60.309
999.00	A	10.000	5.0000	95.000	97.000	90.550	90.180	2783.8	0.58	2.76	17.270	27.137	63.641
999.00	A	10.000	5.0000	105.00	107.00	90.650	90.270	2786.2	0.75	2.88	20.870	32.041	65.141
999.00	A	10.000	5.0000	115.00	117.00	90.750	90.370	2788.8	0.63	2.72	19.230	29.678	64.807
999.00	A	10.000	5.0000	125.00	127.00	90.850	90.460	2791.1	0.60	2.83	24.940	35.733	69.805
999.00	?????	10.000	5.0000	135.00	137.00	90.950	90.560	2793.7					63.891
999.00	A	10.000	5.0000	145.00	147.00	91.050	90.650	2796.1	0.23	2.87	29.880	45.170	66.140
999.00	A	10.000	6.0000	5.0000	7.0000	91.150	90.740	2798.5			24.920	43.613	57.144
999.00	A	10.000	6.0000	15.000	17.000	91.250	90.840	2801.1	0.62	2.87	26.040	41.732	62.392
999.00	A	10.000	6.0000	25.000	27.000	91.350	90.930	2803.4			26.200	36.154	72.471
999.00	A	10.000	6.0000	35.000	37.000	91.450	91.030	2806.1	0.65	3.10	24.210	38.907	62.225
999.00	A	10.000	6.0000	45.000	47.000	91.550	91.120	2808.4	0.65	3.13	26.280	40.597	64.724
999.00	.	10.000	6.0000	55.000	57.000	91.650	91.220	2811.0	0.40	3.17	19.840		
999.00	A	10.000	6.0000	65.000	67.000	91.750	91.310	2813.4	0.69	3.27	20.050	30.508	65.724
999.00	A	10.000	6.0000	75.000	77.000	91.850	91.410	2816.0	0.72	3.39	19.540	33.704	57.977
999.00	A	10.000	6.0000	85.000	87.000	91.950	91.500	2818.7	0.74	3.32	24.300	42.471	57.227
999.00	A	10.000	6.0000	95.000	97.000	92.050	91.600	2821.7	0.71	3.23	19.020		
999.00	A	10.000	6.0000	105.00	107.00	92.150	91.690	2824.3	0.74	3.09	17.590	26.326	66.807
999.00	A	10.000	6.0000	115.00	117.00	92.250	91.790	2827.3	0.90	3.00	18.330	30.435	60.226
999.00	A	10.000	6.0000	125.00	127.00	92.350	91.880	2830.0	0.88	2.74	16.780	27.148	61.809
999.00	A	10.000	6.0000	135.00	137.00	92.450	91.970	2832.7	0.90	2.88	17.520	27.100	64.641
999.00	A	10.000	6.0000	145.00	147.00	92.550	92.070	2835.7			18.780	28.106	66.807
999.00	A	10.000	7.0000	5.0000	7.0000	92.650	92.160	2838.4			21.920	34.447	63.641
999.00	A	10.000	7.0000	15.000	17.000	92.750	92.260	2841.3	0.59	3.01	23.010	34.748	66.224
999.00	A	10.000	7.0000	25.000	27.000	92.850	92.350	2844.0	0.77	2.97	25.730	40.537	63.475
999.00	A	10.000	7.0000	35.000	37.000	92.950	92.450	2847.0			22.920	35.872	63.891
999.00	A	10.000	7.0000	45.000	47.000	93.050	92.540	2849.7			22.230	34.133	65.141
999.00	.	10.000	7.0000	55.000	57.000	93.150	92.640	2852.7	0.58	3.00	17.190	28.078	61.225
999.00	A	10.000	7.0000	64.000	66.000	93.240	92.720	2855.1			16.970	27.270	62.225
999.00	A	10.000	0.0000	5.0000	7.0000	93.350	92.830	2858.3			13.360	20.130	66.390
999.00	A	10.000	0.0000	15.000	17.000	93.450	92.920	2861.0	0.76	2.89	15.540	26.568	58.477
999.00	A	10.000	0.0000	25.000	27.000	93.550	93.020	2864.0	0.82	2.94	12.150	20.290	59.893
999.00	A	11.000	1.0000	5.0000	7.0000	93.150	93.150	2883.5			21.580	36.282	59.476
999.00	A	11.000	1.0000	15.000	17.000	93.250	93.240	2897.0	0.50	2.81	18.760	32.264	58.143
999.00	A	11.000	1.0000	25.000	27.000	93.350	93.340	2899.9	0.58	2.92	22.140	37.920	58.393
999.00	A	11.000	1.0000	35.000	37.000	93.450	93.430	2902.5	0.86	2.90	18.830	35.828	52.562
999.00	A	11.000	1.0000	45.000	47.000	93.550	93.530	2905.4	0.34	2.54	19.830	34.343	57.727
999.00	.	11.000	1.0000	55.000	57.000	93.650	93.630	2908.4	0.85	2.78	21.710	38.062	57.044
999.00	A	11.000	1.0000	65.000	67.000	93.750	93.720	2911.0	0.74	2.77	23.280	37.464	62.142
999.00	A	11.000	1.0000	75.000	77.000	93.850	93.820	2913.9	0.75	3.08	23.700	36.950	64.141
999.00	A	11.000	1.0000	85.000	87.000	93.950	93.910	2916.5	0.73	3.01	27.940	55.998	49.897
999.00	A	11.000	1.0000	95.000	97.000	94.050	94.010	2919.4	0.78	2.91	25.350	40.624	62.392
999.00	A	11.000	1.0000	105.00	107.00	94.150	94.100	2922.0	0.70	2.84	24.100	40.569	59.393
999.00	A	11.000	1.0000	115.00	117.00	94.250	94.200	2924.9	0.59	3.01	28.780	45.217	63.641
999.00	A	11.000	1.0000	125.00	127.00	94.350	94.290	2927.6			22.370	37.612	59.476
999.00	A	11.000	1.0000	135.00	137.00	94.450	94.390	2930.5			22.300	36.574	60.976
999.00	A	11.000	1.0000	145.00	147.00	94.550	94.480	2933.1	0.60	3.18	15.980	29.552	54.062
999.00	A	11.000	2.0000	5.0000	7.0000	94.650	94.580	2936.0	0.66	3.30	14.130	27.663	51.063
999.00	A	11.000	2.0000	15.000	17.000	94.750	94.680	2939.7	0.65	2.66	13.580	24.885	54.562
999.00	A	11.000	2.0000	25.000	27.000	94.850	94.770	2942.9	0.29	2.67	16.890	32.124	52.562
999.00	A	11.000	2.0000	35.000	37.000	94.950	94.870	2946.6			18.520	32.034	57.810
999.00	A	11.000	2.0000	45.000	47.000	95.050	94.960	2949.9	0.55	2.48	19.310	36.973	52.229
999.00	.	11.000	2.0000	55.000	57.000	95.150	95.060	2953.5	0.43	2.44	15.840	26.905	58.893
999.00	A	11.000	2.0000	65.000	67.000	95.250	95.150	2956.8	0.71	2.39	18.150	29.650	61.225
999.00	A	11.000	2.0000	75.000	77.000	95.350	95.250	2960.5	0.66	2.54	32.410	46.818	69.222
999.00	A	11.000	2.0000	85.000	87.000	95.450	95.340	2963.8	0.70	2.64	31.560	49.326	63.974
999.00	A	11.000	2.0000	95.000	97.000	95.550	95.440	2967.4	0.73	2.55	38.900	56.741	68.556
999.00	A	11.000	2.0000	105.00	107.00	95.650	95.540	2971.1			31.800	50.900	62.475
999.00	A	11.000	2.0000	115.00	117.00	95.750	95.630	2974.3			27.910	47.191	59.143
999.00	A	11.000	2.0000	125.00	127.00	95.850	95.730	2978.0	0.79	2.90	24.460	39.468	61.975
999.00	A	11.000	2.0000	135.00	137.00	95.950	95.820	2980.0	0.63	2.85	17.650	28.446	62.058
999.00	A	11.000	2.0000	145.00	147.00	96.050	95.920	2982.2			24.390	36.928	66.057
999.00	A	11.000	3.0000	5.0000	7.0000	96.150	96.010	2984.2	0.38	2.65	20.340	32.643	62.308
999.00	A	11.000	3.0000	15.000	17.000	96.250	96.110	2986.4	0.41	2.61	20.060	31.849	62.975
999.00	A	11.000	3.0000	25.000	27.000	96.350	96.200	2988.4	0.24	2.68	24.930	41.054	60.726
999.00	A	11.000	3.0000	35.000	37.000	96.450	96.300	2990.7	0.89	2.61	23.230	37.226	62.392
999.00	A	11.000	3.0000	45.000	47.000	96.550	96.390	2992.7	0.88	2.81	26.400	42.254	62.475
999.00	.	11.000	3.0000	55.000	57.000	96.650	96.490	2994.9	0.74	2.77	24.540	41.022	59.809
999.00	A	11.000	3.0000	65.000	67.000	96.750	96.590	2997.1	0.72	2.76	27.480	43.457	63.225
999.00	A	11.000	3.0000	75.000	77.000	96.850	96.680	2999.1	0.42	2.50	34.070	49.102	69.389
999.00	A	11.000	3.0000	85.000	87.000	96.950	96.780	3001.3	0.78	2.84	32.560	46.974	69.306
999.00	A	11.000	3.0000	95.000	97.000	97.050	96.870	3003.3	0.27	3.05	22.830	36.159	63.141
999.00	A	11.000	3.0000	105.00	107.00	97.150	96.970	3005.6	0.67	2.89	23.180	36.099	64.224
999.00	A	11.000	3.0000	115.00	117.00	97.250	97.060	3007.6	0.58	3.00	23.710	41.440	57.227
999.00	A	11.000	3.0000	125.00	127.00	97.350	97.160	3009.8			27.030	41.659	64.891
999.00	A	11.000	3.0000	135.00	137.00	97.450	97.250	3011.8	0.66	3.23	20.780	35.483	58.560
999.00	A	11.000	3.0000	145.00	147.00	97.550	97.350	3014.0	0.78	3.20	19.670	33.454	58.810
999.00	A	11.000	4.0000	5.0000	7.0000	97.650	97.440	3016.8			19.050	32.631	58.393
999.00	A	11.000	4.0000	15.000	17.000	97.750	97.540	3020.0			28.190	44.477	63.391
999.00	A	11.000	4.0000	25.000	27.000	97.850	97.640	3023.1	0.55	3.16	24.450	39.234	62.308
999.00	A	11.000	4.0000	35.000	37.000	97.950	97.730	3026.0	0.55	2.92	26.760	47.309	56.561
999.00	A	11.000	4.0000	45.000	47.000	98.050	97.830	3029.1			18.300	33.142	55.228
999.00	.	11.000	4.0000	55.000	57.000	98.150	97.920	3031.9	0.37	2.81	17.460	27.906	62.558
999.00	A	11.000	4.0000	65.000	67.000	98.250	98.020	3035.1	0.41	2.45	14.970	26.784	55.894
999.00	A	11.000	4.0000	75.000	77.000	98.350	98.110	3037.9	0.38	2.83	16.740	28.917	57.894
999.00	A	11.000	4.0000	85.000	87.000	98.450	98.210	3041.1	0.34	2.76	20.060	31.361	63.974
999.00	A	11.000	4.0000	95.000	97.000	98.550	98.300	3043.9	0.42	2.89	23.950	36.953	64.807
999.00	A	11.000	4.0000	105.00	107.00	98.650	98.400	3047.0	0.67	2.85	21.380	35.555	60.143
999.00	A	11.000	4.0000	115.00	117.00	98.750	98.490	3049.9			18.230	31.312	58.227
999.00	A	11.000	4.0000	125.00	127.00	98.850	98.590	3053.0			17.010	29.130	58.393
999.00	A	11.000	4.0000	135.00	137.00	98.950	98.690	3056.2	0.60	2.83	21.000	33.621	62.475
999.00	A	11.000	4.0000	145.00	147.00	99.050	98.780	3059.0	0.59	2.81	16.410	28.923	56.727
999.00	A	11.000	5.0000	5.0000	7.0000	99.150	98.880	3062.4	0.70	2.81	14.780		
999.00	A	11.000	5.0000	15.000	17.000	99.250	98.970	3065.4	0.63	2.35	20.460	31.524	64.891
999.00	A	11.000	5.0000	25.000	27.000	99.350	99.070	3068.8	0.77	2.47	21.470	36.718	58.477
999.00	A	11.000	5.0000	35.000	37.000	99.450	99.160	3071.9	0.71	2.70	19.760	33.784	58.477
999.00	A	11.000	5.0000	45.000	47.000	99.550	99.260	3075.3	0.48	2.28	17.450	31.311	55.728
999.00	?????	11.000	5.0000	55.000	57.000	99.650	99.350	3078.3			25.100	40.444	62.058
999.00	A	11.000	5.0000	65.000	67.000	99.750	99.450	3081.7	0.72	2.67	21.680	35.173	61.642
999.00	A	11.000	5.0000	75.000	77.000	99.850	99.550	3085.1	0.55	2.47	14.910	24.130	61.809
999.00	A	11.000	5.0000	85.000	87.000	99.950	99.640	3088.2	0.50	2.66	10.030	17.059	58.810
999.00	A	11.000	5.0000	95.000	97.000	100.05	99.740	3091.6	0.46	2.47	18.190	30.250	60.143
999.00	A	11.000	5.0000	105.00	107.00	100.15	99.830	3094.6	0.69	2.54	18.560	32.768	56.644
999.00	A	11.000	5.0000	115.00	117.00	100.25	99.930	3098.0	0.78	2.86	25.410	39.466	64.391
999.00	A	11.000	5.0000	125.00	127.00	100.35	100.02	3101.0	0.67	2.83	22.170	35.305	62.808
999.00	A	11.000	5.0000	135.00	137.00	100.45	100.12	3104.4	0.72	2.68	23.430	37.260	62.891
999.00	A	11.000	5.0000	145.00	147.00	100.55	100.21	3107.5	0.69	2.60	18.060	31.880	56.644
999.00	A	11.000	6.0000	5.0000	7.0000	100.65	100.31	3110.9	0.67	2.51	18.270	29.057	62.891
999.00	A	11.000	6.0000	15.000	17.000	100.75	100.40	3113.9	0.60	2.44	15.900	24.569	64.724
999.00	A	11.000	6.0000	25.000	27.000	100.85	100.50	3117.3	0.62	2.74	17.470	28.152	62.058
999.00	A	11.000	6.0000	35.000	37.000	100.95	100.59	3120.3			18.820	28.313	66.473
999.00	A	11.000	6.0000	45.000	47.000	101.05	100.69	3123.7	0.59	2.57	18.370	29.841	61.559
999.00	.	11.000	6.0000	55.000	57.000	101.15	100.79	3127.1			20.320	33.593	60.476
999.00	A	11.000	6.0000	65.000	67.000	101.25	100.88	3130.1	0.60	2.80			56.144
999.00	A	11.000	6.0000	75.000	77.000	101.35	100.98	3133.5	0.05	2.85	26.620	45.336	58.727
999.00	A	11.000	6.0000	85.000	87.000	101.45	101.07	3136.6	0.68	2.97	26.440	44.338	59.643
999.00	A	11.000	6.0000	95.000	97.000	101.55	101.17	3140.0	0.66	2.95	18.500	34.485	53.645
999.00	A	11.000	6.0000	105.00	107.00	101.65	101.26	3143.0	0.62	3.17	13.870	26.638	52.062
999.00	A	11.000	6.0000	115.00	117.00	101.75	101.36	3147.2	0.42	2.65	20.200	35.561	56.811
999.00	A	11.000	6.0000	125.00	127.00	101.85	101.45	3151.0	0.56	3.06	20.550	37.950	54.145
999.00	A	11.000	6.0000	135.00	137.00	101.95	101.55	3155.1	0.52	2.56	17.370	33.897	51.229
999.00	A	11.000	6.0000	145.00	147.00	102.05	101.65	3159.3			19.170	34.772	55.145
999.00	A	11.000	7.0000	5.0000	7.0000	102.15	101.74	3163.1	0.62	2.63	22.500	39.267	57.310
999.00	A	11.000	7.0000	15.000	17.000	102.25	101.84	3167.3	0.50	2.53	16.900	29.450	57.394
999.00	A	11.000	7.0000	25.000	27.000	102.35	101.93	3171.0	0.52	2.57	19.230	33.217	57.894
999.00	A	11.000	7.0000	35.000	37.000	102.45	102.03	3175.2	0.30	2.48	16.150	26.743	60.393
999.00	A	11.000	7.0000	45.000	47.000	102.55	102.12	3179.0	0.70	2.86	18.910	36.434	51.896
999.00	.	11.000	7.0000	55.000	57.000	102.65	102.22	3183.0			22.780	39.606	57.527
999.00	A	11.000	7.0000	65.000	67.000	102.75	102.31	3186.7	0.81	2.84	27.100	46.140	58.727
999.00	A	11.000	0.0000	5.0000	7.0000	102.85	102.41	3190.7			15.560	24.613	63.225
999.00	A	11.000	0.0000	15.000	17.000	102.95	102.50	3194.3	0.68	2.78	17.410	28.239	61.642
999.00	A	12.000	1.0000	5.0000	7.0000	102.65	102.65	3200.4	0.75	2.47	16.750	27.626	60.642
999.00	A	12.000	1.0000	15.000	17.000	102.75	102.74	3204.0	0.77	2.73	20.090	34.480	58.260
999.00	A	12.000	1.0000	25.000	27.000	102.85	102.84	3208.0	0.83	2.66	19.140		
999.00	A	12.000	1.0000	35.000	37.000	102.95	102.93	3211.7	0.85	2.75	16.960	28.289	59.959
999.00	A	12.000	1.0000	45.000	47.000	103.05	103.02	3215.3	0.74	2.34	17.900	28.530	62.742
999.00	.	12.000	1.0000	55.000	57.000	103.15	103.12	3219.3	0.87	2.63	18.750	32.649	57.427
999.00	A	12.000	1.0000	65.000	67.000	103.25	103.21	3223.0	0.73	2.84	18.360	30.562	60.084
999.00	A	12.000	1.0000	75.000	77.000	103.35	103.31	3227.0	0.79	2.88	16.290	27.339	59.576
999.00	A	12.000	1.0000	85.000	87.000	103.45	103.40	3230.7	0.88	2.63	15.950	27.344	58.335
999.00	A	12.000	1.0000	95.000	97.000	103.55	103.50	3234.8	0.74	2.61	15.060	25.537	58.960
999.00	A	12.000	1.0000	105.00	107.00	103.65	103.59	3238.5	0.75	2.51	20.740	36.270	57.194
999.00	A	12.000	1.0000	115.00	117.00	103.75	103.68	3242.1	0.76	2.77	28.170	48.367	58.235
999.00	A	12.000	1.0000	125.00	127.00	103.85	103.78	3246.2	0.84	2.66	30.000	49.926	60.093
999.00	A	12.000	1.0000	135.00	137.00	103.95	103.87	3249.9	0.73	2.68	26.130	42.759	61.101
999.00	A	12.000	1.0000	145.00	147.00	104.05	103.97	3254.0	0.68	2.62	25.770	40.231	64.066
999.00	A	12.000	2.0000	5.0000	7.0000	104.15	104.06	3257.7	0.52	2.67	21.200	34.207	61.967
999.00	A	12.000	2.0000	15.000	17.000	104.25	104.16	3261.8	0.70	2.72	19.610	31.918	61.434
999.00	A	12.000	2.0000	25.000	27.000	104.35	104.25	3265.5	0.72	2.78	19.010	32.238	58.976
999.00	A	12.000	2.0000	35.000	37.000	104.45	104.35	3269.5	0.42	2.59	18.660	33.418	55.828
999.00	A	12.000	2.0000	45.000	47.000	104.55	104.44	3273.2	0.65	2.75	27.250	45.221	60.251
999.00	.	12.000	2.0000	55.000	57.000	104.65	104.53	3276.9	0.73	2.79	26.480	45.366	58.368
999.00	A	12.000	2.0000	65.000	67.000	104.75	104.63	3281.0	0.63	2.59	23.340	40.198	58.060
999.00	A	12.000	2.0000	75.000	77.000	104.85	104.72	3284.7	0.63	2.65	19.170		
999.00	A	12.000	2.0000	85.000	87.000	104.95	104.82	3288.8	0.77	2.83	21.290	33.500	63.558
999.00	A	12.000	2.0000	95.000	97.000	105.05	104.91	3292.5	0.59	2.80	22.830	37.547	60.792
999.00	A	12.000	2.0000	105.00	107.00	105.15	105.01	3296.5	0.66	2.77	25.180	40.849	61.650
999.00	A	12.000	2.0000	115.00	117.00	105.25	105.10	3300.2	0.60	2.92	28.650	48.886	58.610
999.00	A	12.000	2.0000	125.00	127.00	105.35	105.19	3303.9	0.59	2.93	20.230	35.490	57.011
999.00	A	12.000	2.0000	135.00	137.00	105.45	105.29	3308.0	0.61	3.35	27.010	47.136	57.310
999.00	A	12.000	2.0000	145.00	147.00	105.55	105.38	3310.4	0.50	3.04	21.770	41.116	52.945
999.00	A	12.000	3.0000	5.0000	7.0000	105.65	105.48	3313.0	0.65	3.39	20.970	41.084	51.046
999.00	A	12.000	3.0000	15.000	17.000	105.75	105.57	3315.4	0.65	3.44	22.290	42.195	52.829
999.00	A	12.000	3.0000	25.000	27.000	105.85	105.67	3318.0	0.63	3.22	18.350	33.145	55.370
999.00	A	12.000	3.0000	35.000	37.000	105.95	105.76	3320.4			18.390	35.495	51.821
999.00	A	12.000	3.0000	45.000	47.000	106.05	105.85	3322.8	0.63	3.01	19.280	39.084	49.339
999.00	.	12.000	3.0000	57.000	59.000	106.17	105.97	3325.9	0.63	3.13	13.360	26.967	49.547
999.00	A	12.000	3.0000	65.000	67.000	106.25	106.04	3327.8	0.72	2.86	10.870	21.854	49.722
999.00	A	12.000	3.0000	75.000	77.000	106.35	106.14	3330.4	0.69	2.58	10.490	19.069	55.011
999.00	A	12.000	3.0000	85.000	87.000	106.45	106.23	3332.8	0.50	2.46	11.120	18.976	58.602
999.00	A	12.000	3.0000	95.000	97.000	106.55	106.33	3335.4	0.44	2.72	12.100	19.128	63.258
999.00	A	12.000	3.0000	105.00	107.00	106.65	106.42	3337.8	0.47	2.69	15.400	27.296	56.419
999.00	A	12.000	3.0000	115.00	117.00	106.75	106.52	3340.4	0.58	2.74	16.530	28.284	58.452
999.00	A	12.000	3.0000	125.00	127.00	106.85	106.61	3342.8			13.520	22.539	59.968
999.00	A	12.000	3.0000	135.00	137.00	106.95	106.70	3345.2			13.060	21.894	59.668
999.00	A	12.000	3.0000	142.00	144.00	107.02	106.77	3347.0	0.57	2.87	19.120	30.617	62.433
999.00	A	12.000	4.0000	5.0000	7.0000	107.15	106.89	3352.6	0.49	2.93	12.910	20.984	61.534
999.00	A	12.000	4.0000	15.000	17.000	107.25	106.99	3357.2	0.56	2.74	13.260	22.701	58.402
999.00	A	12.000	4.0000	25.000	27.000	107.35	107.08	3361.4	0.59	2.82	15.890	27.422	57.943
999.00	A	12.000	4.0000	35.000	37.000	107.45	107.18	3366.0	0.64	2.59	14.500	26.825	54.070
999.00	A	12.000	4.0000	45.000	47.000	107.55	107.27	3370.2	0.56	2.51	16.180	30.205	53.570
999.00	.	12.000	4.0000	55.000	57.000	107.65	107.36	3374.4	0.60	2.67	16.720	27.331	61.192
999.00	A	12.000	4.0000	65.000	67.000	107.75	107.46	3379.0	0.45	2.68	14.300	24.194	59.126
999.00	A	12.000	4.0000	75.000	77.000	107.85	107.55	3383.2	0.49	2.78	15.210	25.430	59.809
999.00	A	12.000	4.0000	85.000	87.000	107.95	107.65	3387.8	0.46	2.82	19.110	30.935	61.759
999.00	A	12.000	4.0000	95.000	97.000	108.05	107.74	3392.0	0.53	3.00	15.580	28.201	55.253
999.00	A	12.000	4.0000	105.00	107.00	108.15	107.84	3396.0	0.49	2.93	12.420	23.470	52.929
999.00	A	12.000	4.0000	115.00	117.00	108.25	107.93	3399.6			9.0700	18.581	48.789
999.00	A	12.000	4.0000	125.00	127.00	108.35	108.02	3403.2	0.49	2.88			51.346
999.00	A	12.000	4.0000	135.00	137.00	108.45	108.12	3407.1	0.57	2.78	9.1400	17.627	51.846
999.00	A	12.000	4.0000	145.00	147.00	108.55	108.21	3410.7	0.42	2.58	8.6900	17.089	50.821
999.00	A	12.000	5.0000	5.0000	7.0000	108.65	108.31	3414.7	0.49	2.60	9.4300	17.780	53.012
999.00	A	12.000	5.0000	15.000	17.000	108.75	108.40	3418.3	0.60	2.87	9.4500	17.872	52.904
999.00	A	12.000	5.0000	25.000	27.000	108.85	108.50	3422.3	0.51	2.62	11.770	23.254	50.605
999.00	A	12.000	5.0000	35.000	37.000	108.95	108.59	3425.8	0.52	2.46	13.550	25.592	52.945
999.00	A	12.000	5.0000	45.000	47.000	109.05	108.68	3429.4	0.39	2.59	14.150	26.320	53.745
999.00	.	12.000	5.0000	55.000	57.000	109.15	108.78	3433.4	0.16	2.45	13.490	26.523	50.871
999.00	A	12.000	5.0000	65.000	67.000	109.25	108.87	3437.0	0.34	2.84	11.590	21.640	53.570
999.00	A	12.000	5.0000	75.000	77.000	109.35	108.97	3440.9	0.36	2.70	11.730	22.052	53.187
999.00	A	12.000	5.0000	85.000	87.000	109.45	109.06	3444.5	0.41	2.52	8.6200	16.542	52.137
999.00	A	12.000	5.0000	95.000	97.000	109.55	109.16	3448.4	0.41	2.36	8.1000	14.721	54.995
999.00	A	12.000	5.0000	105.00	107.00	109.65	109.25	3452.0	0.35	2.37	8.2000	14.418	56.861
999.00	A	12.000	5.0000	115.00	117.00	109.75	109.35	3455.9	0.61	2.51	16.110	27.247	59.135
999.00	A	12.000	5.0000	125.00	127.00	109.85	109.44	3459.5	0.65	2.55	20.510	36.693	55.894
999.00	A	12.000	5.0000	135.00	137.00	109.95	109.53	3463.1	0.66	2.51	21.240	37.976	55.928
999.00	A	12.000	5.0000	145.00	147.00	110.05	109.63	3467.0	0.49	2.48	17.080	30.171	56.594
999.00	A	12.000	6.0000	5.0000	7.0000	110.15	109.72	3470.6	0.43	2.73	17.310	28.884	59.926
999.00	A	12.000	6.0000	15.000	17.000	110.25	109.82	3474.5			13.600	23.003	59.118
999.00	A	12.000	6.0000	25.000	27.000	110.35	109.91	3478.1	0.52	2.69	16.550	28.225	58.618
999.00	A	12.000	6.0000	35.000	37.000	110.45	110.01	3482.0	0.49	2.79	11.380	20.748	54.845
999.00	A	12.000	6.0000	45.000	47.000	110.55	110.10	3484.9	0.51	2.75	10.510	20.033	52.479
999.00	.	12.000	6.0000	55.000	57.000	110.65	110.19	3487.7	0.60	2.56		48.739	56.402
999.00	A	12.000	6.0000	65.000	67.000	110.75	110.29	3490.9	0.64	2.41	13.350	23.002	58.043
999.00	A	12.000	6.0000	75.000	77.000	110.85	110.38	3493.8	0.53	2.35	16.230	25.810	62.883
999.00	A	12.000	6.0000	85.000	87.000	110.95	110.48	3497.0	0.55	2.32	17.710	27.359	64.716
999.00	A	12.000	6.0000	95.000	97.000	111.05	110.57	3499.8	0.61	2.29	18.480		
999.00	A	12.000	6.0000	105.00	107.00	111.15	110.67	3503.0	0.56	2.29	12.590	19.593	64.241
999.00	A	12.000	6.0000	115.00	117.00	111.25	110.76	3505.9	0.72	2.47	21.000	33.640	62.417
999.00	A	12.000	6.0000	125.00	127.00	111.35	110.85	3508.7	0.57	2.27	15.200	24.942	60.926
999.00	A	12.000	6.0000	135.00	137.00	111.45	110.95	3511.9	0.72	2.58	15.070	24.718	60.951
999.00	A	12.000	6.0000	145.00	147.00	111.55	111.04	3514.8	0.61	2.54	17.680	29.754	59.418
999.00	A	12.000	7.0000	5.0000	7.0000	111.65	111.14	3518.0	0.61	2.57	13.430	23.474	57.194
999.00	A	12.000	7.0000	15.000	17.000	111.75	111.23	3520.8	0.60	2.58	15.470	25.406	60.884
999.00	A	12.000	7.0000	25.000	27.000	111.85	111.33	3524.0	0.56	2.51	16.530	27.766	59.551
999.00	A	12.000	7.0000	35.000	37.000	111.95	111.42	3526.7	0.62	2.50	19.170	31.253	61.325
999.00	A	12.000	7.0000	45.000	47.000	112.05	111.52	3529.7	0.70	2.61	16.030	26.813	59.801
999.00	.	12.000	7.0000	55.000	57.000	112.15	111.61	3532.4	0.60	2.49	16.210	28.384	57.119
999.00	A	12.000	7.0000	64.000	66.000	112.24	111.69	3534.8	0.60	2.44	15.730	28.995	54.237
999.00	A	12.000	0.0000	4.0000	6.0000	112.34	111.79	3537.8	0.53	2.47	15.230	28.027	54.328
999.00	A	12.000	0.0000	15.000	17.000	112.45	111.89	3540.8	0.35	2.58	23.940	38.936	61.492
999.00	A	12.000	0.0000	25.000	27.000	112.55	111.99	3543.8	0.59	2.39	15.230	25.135	60.601
999.00	A	13.000	1.0000	5.0000	7.0000	112.15	112.15	3548.6					55.811
999.00	A	13.000	1.0000	15.000	17.000	112.25	112.24	3551.3	0.56	2.51	26.380	41.618	63.391
999.00	A	13.000	1.0000	25.000	27.000	112.35	112.34	3554.3	0.52	2.75	19.450	31.433	61.892
999.00	A	13.000	1.0000	35.000	37.000	112.45	112.43	3557.0	0.74	2.78	16.990	28.205	60.226
999.00	A	13.000	1.0000	45.000	47.000	112.55	112.52	3559.8	0.76	2.70	16.820	26.225	64.141
999.00	.	13.000	1.0000	55.000	57.000	112.65	112.62	3562.8	0.71	2.40	13.170	22.502	58.518
999.00	A	13.000	1.0000	65.000	67.000	112.75	112.71	3565.6	0.73	2.58	18.820	28.131	66.890
999.00	A	13.000	1.0000	75.000	77.000	112.85	112.81	3568.6	0.73	2.46	14.480	22.147	65.391
999.00	A	13.000	1.0000	85.000	87.000	112.95	112.90	3571.4	0.71	2.58	17.060	27.239	62.642
999.00	A	13.000	1.0000	95.000	97.000	113.05	113.00	3574.4			24.690	37.051	66.640
999.00	A	13.000	1.0000	105.00	107.00	113.15	113.09	3577.2	0.65	2.49	19.340	30.583	63.225
999.00	A	13.000	1.0000	115.00	117.00	113.25	113.19	3580.2	0.64	2.40	23.020	32.944	69.889
999.00	A	13.000	1.0000	125.00	127.00	113.35	113.28	3583.0	0.75	2.65	19.690	31.109	63.308
999.00	A	13.000	1.0000	135.00	137.00	113.45	113.37	3585.8	0.75	2.55	21.700	32.443	66.890
999.00	A	13.000	2.0000	5.0000	7.0000	113.65	113.56	3591.6	0.88	2.59	20.990	32.023	65.557
999.00	A	13.000	2.0000	15.000	17.000	113.75	113.66	3594.6	0.82	2.48	16.640	26.244	63.391
999.00	A	13.000	2.0000	25.000	27.000	113.85	113.75	3597.4	0.73	2.50	23.090	33.760	68.389
999.00	A	13.000	2.0000	35.000	37.000	113.95	113.85	3600.4	0.52	2.71	20.910	30.095	69.472
999.00	A	13.000	2.0000	45.000	47.000	114.05	113.94	3603.2	0.84	2.40	20.200	29.931	67.473
999.00	.	13.000	2.0000	55.000	57.000	114.15	114.04	3606.2	0.80	2.33	24.010	38.775	61.909
999.00	A	13.000	2.0000	65.000	67.000	114.25	114.13	3609.0	0.76	2.35	23.410	33.702	69.472
999.00	A	13.000	2.0000	75.000	77.000	114.35	114.22	3611.8	0.68	2.37	23.820	33.177	71.805
999.00	A	13.000	2.0000	85.000	87.000	114.45	114.32	3614.8	0.43	2.28	21.470	29.053	73.887
999.00	A	13.000	2.0000	95.000	97.000	114.55	114.41	3617.6	0.59	2.35	23.680	32.971	71.805
999.00	A	13.000	2.0000	105.00	107.00	114.65	114.51	3620.6	0.69	2.66	26.540	37.269	71.221
999.00	A	13.000	2.0000	115.00	117.00	114.75	114.60	3623.4	0.68	2.70	26.900	40.729	66.057
999.00	A	13.000	2.0000	125.00	127.00	114.85	114.70	3626.4	0.49	2.72	23.950	38.389	62.392
999.00	A	13.000	2.0000	135.00	137.00	114.95	114.79	3629.2	0.60	2.75	19.560	31.600	61.892
999.00	A	13.000	2.0000	145.00	147.00	115.05	114.89	3632.2	0.74	3.01	18.710	29.445	63.558
999.00	A	13.000	3.0000	5.0000	7.0000	115.15	114.98	3635.0	0.78	3.03	11.380	20.457	55.644
999.00	A	13.000	3.0000	15.000	17.000	115.25	115.07	3638.9	0.70	2.82	11.590	22.341	51.896
999.00	A	13.000	3.0000	25.000	27.000	115.35	115.17	3643.2			10.030	17.862	56.144
999.00	A	13.000	3.0000	35.000	37.000	115.45	115.26	3647.1	0.72	2.40	15.530	27.341	56.811
999.00	A	13.000	3.0000	45.000	47.000	115.55	115.36	3651.4	0.73	2.28	17.070	27.184	62.808
999.00	.	13.000	3.0000	55.000	57.000	115.65	115.45	3655.3	0.68	2.53	17.580	26.864	65.424
999.00	A	13.000	3.0000	65.000	67.000	115.75	115.55	3659.7			16.140	24.806	65.057
999.00	A	13.000	3.0000	75.000	77.000	115.85	115.64	3663.6	0.54	2.40	18.640	27.522	67.723
999.00	A	13.000	3.0000	85.000	87.000	115.95	115.74	3667.9	0.60	2.71	21.490	31.922	67.306
999.00	A	13.000	3.0000	95.000	97.000	116.05	115.83	3671.8	0.69	2.76	24.480	37.486	65.307
999.00	A	13.000	3.0000	105.00	107.00	116.15	115.92	3675.7	0.50	2.75	17.740		
999.00	A	13.000	3.0000	115.00	117.00	116.25	116.02	3680.0	0.58	2.83	19.170	31.276	61.309
999.00	A	13.000	3.0000	125.00	127.00	116.35	116.11	3682.9	0.61	2.79	16.990	30.864	55.061
999.00	A	13.000	3.0000	135.00	137.00	116.45	116.21	3686.0	0.53	2.81	16.980	31.505	53.895
999.00	A	13.000	3.0000	145.00	147.00	116.55	116.30	3688.9	0.64	2.73	13.050	22.469	58.060
999.00	A	13.000	4.0000	4.0000	6.0000	116.64	116.39	3691.7	0.72	2.30	9.7900	16.736	58.477
999.00	A	13.000	4.0000	15.000	17.000	116.75	116.49	3694.9	0.68	2.44	10.750	17.537	61.309
999.00	A	13.000	4.0000	25.000	27.000	116.85	116.59	3698.1	0.62	2.47	15.740	24.959	63.058
999.00	A	13.000	4.0000	35.000	37.000	116.95	116.68	3700.9			21.280	34.660	61.392
999.00	A	13.000	4.0000	45.000	47.000	117.05	116.77	3703.8	0.77	2.19	24.170	38.783	62.308
999.00	.	13.000	4.0000	55.000	57.000	117.15	116.87	3707.0	0.51	2.43	24.840	40.408	61.475
999.00	A	13.000	4.0000	65.000	67.000	117.25	116.96	3709.8	0.56	2.27	20.970	30.660	68.389
999.00	A	13.000	4.0000	75.000	77.000	117.35	117.06	3713.0	0.32	2.35	17.970	29.398	61.142
999.00	A	13.000	4.0000	85.000	87.000	117.45	117.15	3715.8	0.44	2.45	18.870	31.158	60.559
999.00	A	13.000	4.0000	95.000	97.000	117.55	117.25	3719.0	0.49	2.75	19.930	33.606	59.310
999.00	A	13.000	4.0000	105.00	107.00	117.65	117.34	3721.3	0.25	2.66	11.430	22.872	49.980
999.00	A	13.000	4.0000	115.00	117.00	117.75	117.44	3723.9	0.57	2.69	15.680	30.454	51.479
999.00	A	13.000	4.0000	125.00	127.00	117.85	117.53	3726.3	0.70	2.38	15.170	27.543	55.061
999.00	A	13.000	4.0000	135.00	137.00	117.95	117.62	3728.6	0.57	2.35	15.500	26.023	59.560
999.00	A	13.000	4.0000	145.00	147.00	118.05	117.72	3731.2	0.54	2.31	11.760	22.023	53.395
999.00	A	13.000	5.0000	5.0000	7.0000	118.15	117.81	3733.5	0.43	2.45	15.600	26.518	58.810
999.00	A	13.000	5.0000	15.000	17.000	118.25	117.91	3736.1	0.55	2.46	15.060	27.222	55.311
999.00	A	13.000	5.0000	25.000	27.000	118.35	118.00	3738.4	0.64	2.43	14.130	21.754	64.974
999.00	A	13.000	5.0000	35.000	37.000	118.45	118.10	3741.0	0.51	2.24	13.290	20.072	66.224
999.00	A	13.000	5.0000	45.000	47.000	118.55	118.19	3743.4	0.26	2.31	17.860	28.542	62.558
999.00	.	13.000	5.0000	55.000	57.000	118.65	118.29	3746.0	0.50	2.39			53.762
999.00	A	13.000	5.0000	65.000	67.000	118.75	118.38	3748.3	0.63	2.36	19.950	31.684	62.975
999.00	A	13.000	5.0000	75.000	77.000	118.85	118.47	3750.6	0.64	2.39	22.040	39.369	55.978
999.00	A	13.000	5.0000	85.000	87.000	118.95	118.57	3753.2	0.53	2.45	18.430	31.081	59.310
999.00	A	13.000	5.0000	95.000	97.000	119.05	118.66	3755.6	0.49	2.31	20.020	32.828	60.976
999.00	A	13.000	5.0000	105.00	107.00	119.15	118.76	3758.1	0.27	2.19	17.280	25.322	68.223
999.00	A	13.000	5.0000	115.00	117.00	119.25	118.85	3760.5	0.19	2.32	15.850	23.666	66.973
999.00	A	13.000	5.0000	125.00	127.00	119.35	118.95	3763.1	0.11	2.41	17.410	24.337	71.555
999.00	A	13.000	5.0000	135.00	137.00	119.45	119.04	3765.4	0.33	2.53	26.090	39.344	66.307
999.00	A	13.000	5.0000	145.00	147.00	119.55	119.14	3768.0	0.28	2.72	25.090	42.973	58.393
999.00	A	13.000	6.0000	5.0000	7.0000	119.65	119.23	3772.8	0.59	2.41	11.740	20.428	57.477
999.00	A	13.000	6.0000	15.000	17.000	119.75	119.32	3777.5	0.84	2.46	18.290	30.581	59.809
999.00	A	13.000	6.0000	25.000	27.000	119.85	119.42	3782.8			17.850	28.992	61.559
999.00	A	13.000	6.0000	35.000	37.000	119.95	119.51	3787.6	0.68	2.31	15.520	25.527	60.809
999.00	A	13.000	6.0000	45.000	47.000	120.05	119.61	3792.9	0.69	2.30	12.160	21.554	56.394
999.00	.	13.000	6.0000	55.000	57.000	120.15	119.70	3797.7	0.67	2.68	10.240	19.401	52.787
999.00	A	13.000	6.0000	65.000	67.000	120.25	119.80	3803.0	0.77	2.79	11.150	19.171	58.143
999.00	A	13.000	6.0000	75.000	77.000	120.35	119.89	3807.4			12.680	23.105	54.895
999.00	A	13.000	6.0000	85.000	87.000	120.45	119.99	3812.4	0.56	2.56	15.010	27.091	55.395
999.00	A	13.000	6.0000	95.000	97.000	120.55	120.08	3816.8	0.68	2.53	12.810	24.716	51.813
999.00	A	13.000	6.0000	105.00	107.00	120.65	120.17	3821.3	0.75	2.51	11.020	21.031	52.396
999.00	A	13.000	6.0000	115.00	117.00	120.75	120.27	3826.2	0.55	2.50	11.480	21.243	54.062
999.00	A	13.000	6.0000	125.00	127.00	120.85	120.36	3830.7	0.55	2.42	11.520		
999.00	A	13.000	6.0000	135.00	137.00	120.95	120.46	3835.6	0.25	2.50	10.900	18.204	59.893
999.00	A	13.000	6.0000	145.00	147.00	121.05	120.55	3840.1	0.56	2.70	13.060	22.272	58.643
999.00	A	13.000	7.0000	5.0000	7.0000	121.15	120.65	3845.0	0.15	2.73			56.811
999.00	A	13.000	7.0000	15.000	17.000	121.25	120.74	3848.2	0.41	2.39			57.894
999.00	A	13.000	7.0000	25.000	27.000	121.35	120.84	3851.8	0.39	2.49			60.892
999.00	A	13.000	7.0000	35.000	37.000	121.45	120.93	3855.0	0.19	2.10			66.307
999.00	A	13.000	7.0000	45.000	47.000	121.55	121.02	3858.2	0.36	2.25			65.391
999.00	.	13.000	7.0000	55.000	57.000	121.65	121.12	3861.8	0.40	2.30	16.800	29.394	57.160
999.00	A	13.000	7.0000	65.000	67.000	121.75	121.21	3865.0	0.57	2.27			60.309
999.00	A	13.000	7.0000	75.000	77.000	121.85	121.31	3868.6	0.53	2.29			60.143
999.00	A	13.000	0.0000	5.0000	7.0000	121.95	121.40	3871.8	0.62	2.48			65.890
999.00	A	13.000	0.0000	15.000	17.000	122.05	121.50	3875.4	0.52	2.18			64.558
999.00	A	13.000	0.0000	25.000	27.000	122.15	121.59	3878.6	0.31	2.25			64.058
999.00	A	14.000	1.0000	5.0000	7.0000	121.65	121.65	3880.8	0.19	2.37	15.200	25.408	59.826
999.00	A	14.000	1.0000	15.000	17.000	121.75	121.74	3884.0	0.29	2.86	15.940	26.506	60.143
999.00	A	14.000	1.0000	25.000	27.000	121.85	121.84	3886.4	0.37	2.47	12.940	28.063	46.107
999.00	A	14.000	1.0000	35.000	37.000	121.95	121.93	3888.6	0.46	2.88	9.8100	20.937	46.865
999.00	A	14.000	1.0000	45.000	47.000	122.05	122.03	3891.0	0.66	2.67	7.5700	15.983	47.381
999.00	.	14.000	1.0000	55.000	57.000	122.15	122.12	3893.2	0.43	2.47	7.1300	13.933	51.155
999.00	A	14.000	1.0000	65.000	67.000	122.25	122.21	3895.4	0.55	2.40	7.0500	13.130	53.729
999.00	XXXX	14.000	1.0000	75.000	77.000	122.35	122.31	3897.8	0.49	2.31			54.611
999.00	A	14.000	1.0000	85.000	87.000	122.45	122.40	3900.0	0.45	2.24	7.7600	13.780	56.336
999.00	A	14.000	1.0000	95.000	97.000	122.55	122.50	3902.4	0.73	2.37	11.750	22.035	53.329
999.00	A	14.000	1.0000	105.00	107.00	122.65	122.59	3904.6	0.70	2.56	18.130	30.293	59.851
999.00	A	14.000	1.0000	115.00	117.00	122.75	122.69	3907.0	0.59	2.32	14.790	24.435	60.542
999.00	A	14.000	1.0000	125.00	127.00	122.85	122.78	3909.2	0.46	2.19	19.720	32.066	61.509
999.00	A	14.000	1.0000	135.00	137.00	122.95	122.88	3911.6	0.38	2.22	13.960	23.410	59.618
999.00	A	14.000	1.0000	145.00	147.00	123.05	122.97	3913.8	0.33	2.37	14.320	22.547	63.500
999.00	A	14.000	2.0000	5.0000	7.0000	123.15	123.07	3916.2	0.34	2.44	12.130	18.227	66.565
999.00	A	14.000	2.0000	15.000	17.000	123.25	123.16	3918.4	0.33	2.36	14.020	24.754	56.627
999.00	A	14.000	2.0000	25.000	27.000	123.35	123.25	3920.6	0.30	2.55	15.480	28.055	55.186
999.00	A	14.000	2.0000	35.000	37.000	123.45	123.35	3923.0	0.43	2.82	12.780	25.702	49.713
999.00	A	14.000	2.0000	45.000	47.000	123.55	123.44	3926.0	0.31	2.25	7.6300	15.998	47.698
999.00	.	14.000	2.0000	55.000	57.000	123.65	123.54	3929.3	0.29	2.35	8.5500	16.501	51.821
999.00	A	14.000	2.0000	65.000	67.000	123.75	123.63	3932.3	0.42	2.24	9.7700	17.186	56.877
999.00	A	14.000	2.0000	75.000	77.000	123.85	123.73	3935.6	0.33	2.17	7.3100	12.574	58.110
999.00	A	14.000	2.0000	85.000	87.000	123.95	123.82	3938.6			7.4300	12.093	61.459
999.00	A	14.000	2.0000	95.000	97.000	124.05	123.92	3941.9	0.26	2.23	6.5500	11.339	57.752
999.00	A	14.000	2.0000	105.00	107.00	124.15	124.01	3944.9	0.27	2.50	6.6700	12.135	54.961
999.00	A	14.000	2.0000	115.00	117.00	124.25	124.10	3947.9	0.41	2.38	5.9500	11.110	53.554
999.00	A	14.000	2.0000	125.00	127.00	124.35	124.20	3951.2	0.55	2.51	5.5300	9.4806	58.327
999.00	A	14.000	2.0000	135.00	137.00	124.45	124.29	3954.2	0.54	2.49	6.5600	10.847	60.501
999.00	A	14.000	2.0000	145.00	147.00	124.55	124.39	3957.5	0.32	2.44	7.6800	12.847	59.809
999.00	A	14.000	3.0000	5.0000	7.0000	124.65	124.48	3960.5	0.50	2.40	10.760	17.511	61.467
999.00	A	14.000	3.0000	15.000	17.000	124.75	124.58	3963.8	0.59	2.39	12.280	22.365	54.903
999.00	A	14.000	3.0000	25.000	27.000	124.85	124.67	3966.8	0.63	2.40	16.260	26.701	60.892
999.00	A	14.000	3.0000	35.000	37.000	124.95	124.77	3970.1	0.45	2.32	11.530	19.311	59.726
999.00	A	14.000	3.0000	45.000	47.000	125.05	124.86	3973.1	0.53	2.51	18.950	29.102	65.124
999.00	.	14.000	3.0000	55.000	57.000	125.15	124.96	3976.4	0.47	2.35	14.490	23.154	62.592
999.00	A	14.000	3.0000	65.000	67.000	125.25	125.05	3979.4	0.50	2.43	14.000	24.453	57.235
999.00	A	14.000	3.0000	75.000	77.000	125.35	125.14	3982.4	0.50	2.55	16.980	26.870	63.183
999.00	A	14.000	3.0000	85.000	87.000	125.45	125.24	3985.7	0.47	2.35	14.870	23.319	63.766
999.00	A	14.000	3.0000	95.000	97.000	125.55	125.33	3988.7	0.46	2.65	15.000	24.404	61.450
999.00	A	14.000	3.0000	105.00	107.00	125.65	125.43	3992.0	0.53	2.84	13.260	23.259	57.002
999.00	A	14.000	3.0000	115.00	117.00	125.75	125.52	3995.0	0.54	2.72	16.400	29.130	56.294
999.00	A	14.000	3.0000	124.00	126.00	125.84	125.61	3998.0	0.51	2.75	10.140	18.840	53.837
999.00	A	14.000	3.0000	135.00	137.00	125.95	125.71	4001.4	0.50	2.63	8.6500	16.166	53.479
999.00	A	14.000	3.0000	145.00	147.00	126.05	125.81	4004.7	0.51	2.67	10.300	19.353	53.237
999.00	A	14.000	4.0000	5.0000	7.0000	126.15	125.90	4007.8	0.41	2.37	10.850	19.041	56.994
999.00	A	14.000	4.0000	15.000	17.000	126.25	126.00	4011.1	0.28	2.19	10.020	16.917	59.201
999.00	A	14.000	4.0000	25.000	27.000	126.35	126.09	4014.1	0.48	2.29	11.230	22.213	50.563
999.00	A	14.000	4.0000	35.000	37.000	126.45	126.18	4017.2	0.50	2.46	10.120	18.815	53.795
999.00	A	14.000	4.0000	45.000	47.000	126.55	126.28	4020.5	0.38	2.37	14.770	24.704	59.776
999.00	.	14.000	4.0000	55.000	57.000	126.65	126.37	4023.5	0.30	2.31	15.210	24.380	62.367
999.00	A	14.000	4.0000	65.000	67.000	126.75	126.47	4026.9	0.30	2.42	12.710	21.509	59.110
999.00	A	14.000	4.0000	75.000	77.000	126.85	126.56	4029.9			13.000	19.756	65.799
999.00	A	14.000	4.0000	85.000	87.000	126.95	126.66	4033.3			7.2300	14.313	50.513
999.00	A	14.000	4.0000	95.000	97.000	127.05	126.75	4036.3			9.0200	18.447	48.880
999.00	A	14.000	4.0000	105.00	107.00	127.15	126.85	4039.6			6.7000	13.431	49.905
999.00	A	14.000	4.0000	115.00	117.00	127.25	126.94	4042.7	0.60	2.44	6.9600	12.407	56.103
999.00	A	14.000	4.0000	124.00	126.00	127.34	127.03	4045.7	0.44	2.24	10.600	18.267	58.043
999.00	A	14.000	4.0000	135.00	137.00	127.45	127.13	4049.0	0.55	2.35	14.500	23.692	61.209
999.00	A	14.000	4.0000	145.00	147.00	127.55	127.22	4052.1			10.240	17.598	58.160
999.00	A	14.000	5.0000	5.0000	7.0000	127.68	127.35	4056.4	0.55	2.38	20.100	32.269	62.292
999.00	A	14.000	5.0000	15.000	17.000	127.78	127.44	4059.4			14.840	23.616	62.842
999.00	A	14.000	5.0000	25.000	27.000	127.88	127.54	4062.8	0.50	2.36	13.830	21.846	63.316
999.00	A	14.000	5.0000	35.000	37.000	127.98	127.63	4065.8			16.580	26.475	62.608
999.00	A	14.000	5.0000	45.000	47.000	128.08	127.73	4069.2	0.54	2.34	16.470	25.994	63.358
999.00	.	14.000	5.0000	55.000	57.000	128.18	127.82	4072.2	0.37	2.21	15.480	24.997	61.934
999.00	A	14.000	5.0000	65.000	67.000	128.28	127.91	4075.2	0.51	2.36	9.9100	16.607	59.676
999.00	A	14.000	5.0000	75.000	77.000	128.38	128.01	4078.6	0.38	2.42	10.120	16.516	61.300
999.00	A	14.000	5.0000	85.000	87.000	128.48	128.10	4081.6	0.35	2.30	13.180	21.350	61.734
999.00	A	14.000	5.0000	95.000	97.000	128.58	128.20	4084.9	0.50	2.32	15.600	25.298	61.675
999.00	A	14.000	5.0000	105.00	107.00	128.68	128.29	4088.0	0.44	2.39	19.050	30.234	63.008
999.00	A	14.000	5.0000	115.00	117.00	128.78	128.39	4091.3	0.36	2.39	16.570	25.160	65.874
999.00	A	14.000	5.0000	125.00	127.00	128.88	128.48	4094.3	0.31	2.17	20.170	31.437	64.149
999.00	A	14.000	5.0000	135.00	137.00	128.98	128.58	4097.7	0.32	2.39	15.250	21.883	69.672
999.00	A	14.000	5.0000	145.00	147.00	129.08	128.67	4100.7	0.43	2.28	14.510	21.961	66.049
999.00	A	14.000	6.0000	5.0000	7.0000	129.18	128.77	4104.1	0.33	2.48	9.1000	14.011	64.949
999.00	A	14.000	6.0000	15.000	17.000	129.28	128.86	4107.1	0.35	2.24	13.940	21.793	63.949
999.00	A	14.000	6.0000	25.000	27.000	129.38	128.95	4110.1	0.50	2.46	11.980	20.509	58.393
999.00	A	14.000	6.0000	35.000	37.000	129.48	129.05	4113.5	0.27	2.44	11.050	20.023	55.161
999.00	A	14.000	6.0000	45.000	47.000	129.58	129.14	4116.5	0.49	2.41	10.020	18.004	55.653
999.00	.	14.000	6.0000	55.000	57.000	129.68	129.24	4119.8	0.30	2.24	5.0200	8.9367	56.128
999.00	A	14.000	6.0000	65.000	67.000	129.78	129.33	4122.9	0.44	2.43	6.6700	12.101	55.145
999.00	A	14.000	6.0000	75.000	77.000	129.88	129.43	4126.2	0.50	2.42	7.1000	12.171	58.318
999.00	A	14.000	6.0000	85.000	87.000	129.98	129.52	4129.2	0.57	2.44	10.490	18.744	55.978
999.00	A	14.000	6.0000	95.000	97.000	130.08	129.62	4132.6	0.41	2.29	12.450	21.520	57.860
999.00	A	14.000	6.0000	105.00	107.00	130.18	129.71	4135.6	0.43	2.35	12.250	18.954	64.641
999.00	A	14.000	6.0000	115.00	117.00	130.28	129.80	4138.6	0.36	2.54	12.330	18.153	67.906
999.00	A	14.000	6.0000	125.00	127.00	130.38	129.90	4142.0	0.37	2.32	11.780	17.289	68.139
999.00	A	14.000	6.0000	135.00	137.00	130.48	129.99	4145.0	0.45	2.65	9.9800	15.067	66.215
999.00	A	14.000	6.0000	145.00	147.00	130.58	130.09	4149.3	0.41	2.61	8.3100	13.190	63.008
999.00	A	14.000	7.0000	5.0000	7.0000	130.68	130.18	4153.1	0.40	2.52	8.3900	13.834	60.676
999.00	A	14.000	7.0000	15.000	17.000	130.78	130.28	4157.4	0.50	2.47	12.880	21.078	61.126
999.00	A	14.000	7.0000	25.000	27.000	130.88	130.37	4161.3	0.35	2.25	8.6300	14.986	57.569
999.00	A	14.000	7.0000	35.000	37.000	130.98	130.47	4165.6			8.7400	14.236	61.409
999.00	A	14.000	7.0000	45.000	47.000	131.08	130.56	4169.4	0.36	2.36	11.230	18.174	61.792
999.00	.	14.000	7.0000	55.000	57.000	131.18	130.66	4173.7	0.26	2.30	7.0200	12.171	57.652
999.00	A	14.000	7.0000	64.000	66.000	131.27	130.74	4177.1			3.4200	6.4374	53.137
999.00	A	14.000	0.0000	5.0000	7.0000	131.38	130.84	4181.4	0.37	2.44	6.6700	12.637	52.779
999.00	A	14.000	0.0000	15.000	17.000	131.48	130.94	4185.7	0.29	2.31	8.6700	15.015	57.769
999.00	A	14.000	0.0000	25.000	27.000	131.58	131.03	4189.6	0.45	2.58	10.560	18.278	57.777
999.00	A	15.000	1.0000	5.0000	7.0000	131.15	131.15	4194.7			8.2800	16.336	50.688
999.00	A	15.000	1.0000	15.000	17.000	131.25	131.24	4198.6			6.4400	13.105	49.114
999.00	A	15.000	1.0000	25.000	27.000	131.35	131.34	4202.9			4.6500	8.8115	52.754
999.00	A	15.000	1.0000	35.000	37.000	131.45	131.43	4206.7			6.6400	11.999	55.328
999.00	A	15.000	1.0000	45.000	47.000	131.55	131.52	4210.6	0.18	2.11	9.5000	17.265	55.028
999.00	.	15.000	1.0000	55.000	57.000	131.65	131.62	4214.9	0.49	2.59	10.510	19.599	53.604
999.00	A	15.000	1.0000	65.000	67.000	131.75	131.71	4218.7			10.430	18.850	55.336
999.00	A	15.000	1.0000	75.000	77.000	131.85	131.81	4223.0	0.16	2.29	13.860	24.336	56.936
999.00	A	15.000	1.0000	85.000	87.000	131.95	131.90	4227.3	0.28	2.55			54.153
999.00	A	15.000	1.0000	95.000	97.000	132.05	132.00	4232.1	0.18	2.36	7.5600	14.256	53.012
999.00	A	15.000	1.0000	105.00	107.00	132.15	132.09	4236.4			7.1400	12.988	54.986
999.00	A	15.000	1.0000	115.00	117.00	132.25	132.18	4240.7	0.30	2.29	13.340	22.417	59.493
999.00	A	15.000	1.0000	125.00	127.00	132.35	132.28	4245.5	0.34	2.30	5.9500	11.976	49.680
999.00	A	15.000	1.0000	135.00	137.00	132.45	132.37	4249.8	0.33	2.71	4.7700	8.9914	53.079
999.00	A	15.000	1.0000	145.00	147.00	132.55	132.47	4254.5	0.41	2.54	9.0400	16.838	53.687
999.00	A	15.000	2.0000	5.0000	7.0000	132.65	132.56	4258.8	0.22	2.51	7.1700	12.974	55.253
999.00	A	15.000	2.0000	15.000	17.000	132.75	132.66	4263.6			7.0000	12.158	57.560
999.00	A	15.000	2.0000	25.000	27.000	132.85	132.75	4267.9			8.9500	16.745	53.429
999.00	A	15.000	2.0000	35.000	37.000	132.95	132.85	4272.7	0.59	2.52	10.350	20.582	50.305
999.00	A	15.000	2.0000	45.000	47.000	133.05	132.94	4277.0	0.13	2.63	9.4300	17.546	53.762
999.00	.	15.000	2.0000	55.000	57.000	133.15	133.03	4281.3	0.47	2.40	9.3400	17.383	53.737
999.00	A	15.000	2.0000	65.000	67.000	133.25	133.13	4286.1			7.6600	15.237	50.288
999.00	A	15.000	2.0000	75.000	77.000	133.35	133.22	4290.4	0.15	2.48	6.4100	12.195	52.529
999.00	A	15.000	2.0000	85.000	87.000	133.45	133.32	4295.2	0.17	2.49	5.7300	11.638	49.255
999.00	A	15.000	2.0000	95.000	97.000	133.55	133.41	4299.5	0.25	2.47	5.9700	11.633	51.313
999.00	A	15.000	2.0000	105.00	107.00	133.65	133.51	4304.2	0.39	2.50	8.1200	17.090	47.514
999.00	A	15.000	2.0000	115.00	117.00	133.75	133.60	4308.5			9.9400	19.698	50.480
999.00	A	15.000	2.0000	125.00	127.00	133.85	133.69	4312.8	0.41	2.27	10.220	20.087	50.855
999.00	A	15.000	2.0000	135.00	137.00	133.95	133.79	4317.6			6.1000	11.591	52.621
999.00	A	15.000	2.0000	145.00	147.00	134.05	133.88	4321.9	0.15	2.43	4.0100	7.3918	54.228
999.00	A	15.000	3.0000	5.0000	7.0000	134.15	133.98	4326.7	0.33	2.46	5.1000	10.765	47.414
999.00	A	15.000	3.0000	15.000	17.000	134.25	134.07	4331.0	0.46	2.15	8.0600	16.707	48.264
999.00	A	15.000	3.0000	25.000	27.000	134.35	134.17	4334.4			9.0400	18.689	48.364
999.00	A	15.000	3.0000	35.000	37.000	134.45	134.26	4337.4	0.42	2.33	7.8000	16.099	48.456
999.00	A	15.000	3.0000	45.000	47.000	134.55	134.35	4340.4	0.22	2.60	9.7900	17.948	54.545
999.00	.	15.000	3.0000	55.000	57.000	134.65	134.45	4343.8	0.50	2.32	5.2200	9.1407	57.069
999.00	A	15.000	3.0000	65.000	67.000	134.75	134.54	4346.8	0.33	2.39	5.3500	11.174	47.856
999.00	A	15.000	3.0000	75.000	77.000	134.85	134.64	4350.2	0.22	2.33	8.2000	16.322	50.213
999.00	A	15.000	3.0000	85.000	87.000	134.95	134.73	4353.2	0.44	2.37	10.260	20.811	49.314
999.00	A	15.000	3.0000	95.000	97.000	135.05	134.83	4356.6	0.29	2.20	10.760	19.793	54.370
999.00	A	15.000	3.0000	105.00	107.00	135.15	134.92	4359.6	0.23	2.44			43.266
999.00	A	15.000	3.0000	115.00	117.00	135.25	135.02	4363.0	0.41	2.55	8.9900	16.415	54.736
999.00	A	15.000	3.0000	125.00	127.00	135.35	135.11	4366.0	0.42	2.57	9.4300	17.556	53.687
999.00	A	15.000	3.0000	135.00	137.00	135.45	135.20	4369.0	0.56	2.47	8.0800	14.801	54.620
999.00	A	15.000	3.0000	145.00	147.00	135.55	135.30	4372.4			9.9400	18.830	52.796
999.00	A	15.000	4.0000	5.0000	7.0000	135.65	135.39	4375.4	0.38	2.68	9.9100	19.880	49.838
999.00	A	15.000	4.0000	15.000	17.000	135.75	135.49	4378.8	0.47	2.22	9.9600	20.258	49.164
999.00	A	15.000	4.0000	25.000	27.000	135.85	135.58	4381.8	0.44	2.29	6.7800	14.127	47.981
999.00	A	15.000	4.0000	35.000	37.000	135.95	135.68	4385.2	0.41	2.48	9.6600	20.768	46.498
999.00	A	15.000	4.0000	45.000	47.000	136.05	135.77	4388.2	0.53	2.41	6.7700		
999.00	.	15.000	4.0000	55.000	57.000	136.15	135.86	4391.2	0.32	2.50	7.0800	14.513	48.764
999.00	A	15.000	4.0000	65.000	67.000	136.25	135.96	4394.6			7.9000	16.666	47.373
999.00	A	15.000	4.0000	75.000	77.000	136.35	136.05	4397.6	0.52	2.52	7.1400	15.461	46.165
999.00	A	15.000	4.0000	85.000	87.000	136.45	136.15	4401.0			6.9300	15.291	45.290
999.00	A	15.000	4.0000	95.000	97.000	136.55	136.24	4404.0	0.67	2.48	6.3800	13.111	48.697
999.00	A	15.000	4.0000	105.00	107.00	136.65	136.34	4407.4	0.39	2.28	7.7000	14.916	51.629
999.00	A	15.000	4.0000	115.00	117.00	136.75	136.43	4410.4			6.8200	11.718	58.168
999.00	A	15.000	4.0000	125.00	127.00	136.85	136.52	4413.4	0.21	2.41	7.9100	13.899	56.894
999.00	A	15.000	4.0000	135.00	137.00	136.95	136.62	4416.8	0.34	2.29	6.4400	11.805	54.595
999.00	A	15.000	4.0000	145.00	147.00	137.05	136.71	4419.8	0.40	2.63	4.1100	9.3157	44.099
999.00	A	15.000	5.0000	5.0000	7.0000	137.18	136.84	4424.2	0.38	2.52	4.3500	11.808	36.844
999.00	A	15.000	5.0000	15.000	17.000	137.28	136.93	4427.2	0.50	2.36			37.227
999.00	A	15.000	5.0000	25.000	27.000	137.38	137.02	4430.2	0.51	2.40	4.5200	9.6638	46.765
999.00	A	15.000	5.0000	35.000	37.000	137.48	137.12	4433.6	0.65	2.22	4.5800	9.2721	49.397
999.00	A	15.000	5.0000	45.000	47.000	137.58	137.21	4436.6	0.34	2.60	3.1600	6.0012	52.729
999.00	.	15.000	5.0000	55.000	57.000	137.68	137.31	4440.0	0.38	2.54	6.9300	12.942	53.512
999.00	A	15.000	5.0000	65.000	67.000	137.78	137.40	4443.0	0.64	2.40	7.6900	14.679	52.371
999.00	A	15.000	5.0000	75.000	77.000	137.88	137.50	4446.4	0.42	2.29	5.9300		
999.00	A	15.000	5.0000	85.000	87.000	137.98	137.59	4449.4	0.42	2.50	5.4600	12.150	44.940
999.00	A	15.000	5.0000	95.000	97.000	138.08	137.68	4452.4	0.32	2.62	5.9000	12.182	48.447
999.00	A	15.000	5.0000	105.00	107.00	138.18	137.78	4455.8	0.40	2.41	5.9900	13.192	45.432
999.00	A	15.000	5.0000	115.00	117.00	138.28	137.87	4458.8	0.31	2.71	5.2100	13.717	37.968
999.00	A	15.000	5.0000	125.00	127.00	138.38	137.97	4462.2	0.41	2.75	1.5100	4.7627	31.771
999.00	A	15.000	5.0000	135.00	137.00	138.48	138.06	4465.2					36.410
999.00	A	15.000	5.0000	145.00	147.00	138.58	138.16	4468.6	0.38	2.44	1.5800	4.3549	36.186
999.00	A	15.000	6.0000	5.0000	7.0000	138.71	138.28	4472.6	0.48	2.31	3.5900	8.2335	43.624
999.00	A	15.000	6.0000	15.000	17.000	138.81	138.37	4475.6			4.5400	9.1584	49.588
999.00	A	15.000	6.0000	25.000	27.000	138.91	138.47	4479.0	0.36	2.31	5.1200	11.498	44.524
999.00	A	15.000	6.0000	35.000	37.000	139.01	138.56	4482.0			2.4700	6.1162	40.425
999.00	A	15.000	6.0000	45.000	47.000	139.11	138.66	4485.4	0.32	2.52	2.9900	7.5072	39.884
999.00	.	15.000	6.0000	55.000	57.000	139.21	138.75	4488.4			2.3500	6.0301	38.909
999.00	A	15.000	6.0000	65.000	67.000	139.31	138.85	4491.8	0.39	2.51	3.2900	7.6953	42.766
999.00	A	15.000	6.0000	75.000	77.000	139.41	138.94	4494.8	0.54	2.28	1.8100	4.0992	44.199
999.00	A	15.000	6.0000	85.000	87.000	139.51	139.03	4497.8			1.3500	3.4420	39.243
999.00	A	15.000	6.0000	95.000	97.000	139.61	139.13	4501.2			1.7900	4.4832	39.926
999.00	A	15.000	6.0000	105.00	107.00	139.71	139.22	4504.2			4.1400	9.1558	45.190
999.00	A	15.000	6.0000	115.00	117.00	139.81	139.32	4507.6	0.31	2.31	5.7100	12.956	44.057
999.00	A	15.000	6.0000	125.00	127.00	139.91	139.41	4510.6			2.4600	5.5981	43.899
999.00	A	15.000	6.0000	135.00	137.00	140.01	139.51	4514.0	0.37	2.70	3.2900	7.2028	45.690
999.00	A	15.000	6.0000	145.00	147.00	140.11	139.60	4517.0	0.43	2.79			41.200
999.00	A	15.000	7.0000	5.0000	7.0000	140.21	139.69	4520.7	0.46	2.78	2.2700	6.1894	36.677
999.00	A	15.000	7.0000	15.000	17.000	140.31	139.79	4524.7	0.40	2.52	3.3500	8.6525	38.710
999.00	A	15.000	7.0000	25.000	27.000	140.41	139.88	4528.4	0.24	2.40	2.6700	6.2518	42.641
999.00	A	15.000	7.0000	35.000	37.000	140.51	139.98	4532.5	0.11	2.21	3.3700	6.3178	53.395
999.00	A	15.000	7.0000	45.000	47.000	140.61	140.07	4536.1	0.28	2.60	4.0800	7.8674	51.838
999.00	.	15.000	7.0000	55.000	57.000	140.71	140.17	4540.2	0.16	2.59	4.8200	9.0146	53.479
999.00	A	15.000	7.0000	65.000	67.000	140.81	140.26	4543.9	0.29	2.92	4.9700	10.435	47.623
999.00	A	15.000	0.0000	5.0000	7.0000	140.91	140.35	4547.5	0.26	2.56	2.9900	5.7115	52.354
999.00	A	15.000	0.0000	15.000	17.000	141.01	140.45	4551.6	0.24	2.63	2.9500	7.5553	39.109
999.00	A	15.000	0.0000	25.000	27.000	141.11	140.54	4555.3	0.47	2.73	1.7400	4.5620	38.143
999.00	A	16.000	1.0000	5.0000	7.0000	140.65	140.65	4559.7	0.36	2.44	4.3100	8.2373	52.354
999.00	A	16.000	1.0000	15.000	17.000	140.75	140.74	4563.4	0.28	2.40	2.5300	6.4685	39.109
999.00	A	16.000	1.0000	25.000	27.000	140.85	140.84	4567.5	0.08	2.52	3.0900	8.1128	38.143
999.00	A	16.000	1.0000	39.000	41.000	140.99	140.97	4572.8	0.10	2.52			59.060
999.00	A	16.000	1.0000	45.000	47.000	141.05	141.03	4575.2	0.12	2.54	8.6700		
999.00	.	16.000	1.0000	55.000	57.000	141.15	141.13	4579.3	0.09	2.68	4.3900	8.8194	49.755
999.00	A	16.000	1.0000	65.000	67.000	141.25	141.22	4582.9	0.20	2.64	5.4400	9.9908	54.420
999.00	A	16.000	1.0000	75.000	77.000	141.35	141.32	4587.0	0.30	2.53	6.3000	11.033	57.069
999.00	A	16.000	1.0000	85.000	87.000	141.45	141.42	4591.1	0.26	2.57	3.2600	6.3029	51.663
999.00	A	16.000	1.0000	95.000	97.000	141.55	141.51	4594.8	0.30	2.49	3.2000	7.1265	44.857
999.00	A	16.000	1.0000	105.00	107.00	141.65	141.61	4598.8	0.44	2.58	5.0300	12.293	40.934
999.00	A	16.000	1.0000	115.00	117.00	141.75	141.70	4602.5	0.20	2.65	2.7600	6.6176	41.767
999.00	A	16.000	1.0000	125.00	127.00	141.85	141.80	4606.6	0.35	2.47			49.980
999.00	A	16.000	1.0000	135.00	137.00	141.95	141.90	4610.6	0.13	2.50	2.9100	5.4207	53.712
999.00	A	16.000	1.0000	145.00	147.00	142.05	141.99	4614.3	0.16	2.51	2.8300	5.3188	53.154
999.00	A	16.000	2.0000	5.0000	7.0000	142.15	142.09	4618.4	-0.01	2.58	1.9900	3.7836	52.629
999.00	A	16.000	2.0000	15.000	17.000	142.25	142.18	4622.0	0.07	2.53	2.2900	4.9129	46.531
999.00	A	16.000	2.0000	25.000	27.000	142.35	142.28	4626.1	0.02	2.26	2.8600	6.8109	41.933
999.00	A	16.000	2.0000	35.000	37.000	142.45	142.38	4630.2	0.24	2.84	3.0200	7.5243	40.134
999.00	A	16.000	2.0000	45.000	47.000	142.55	142.47	4633.8	0.20	2.55	1.7100	3.7785	45.307
999.00	.	16.000	2.0000	55.000	57.000	142.65	142.57	4637.9	0.35	2.76	3.6600	6.8334	53.520
999.00	A	16.000	2.0000	65.000	67.000	142.75	142.66	4641.6	0.14	2.26	2.4100	4.3571	55.395
999.00	A	16.000	2.0000	75.000	77.000	142.85	142.76	4645.6	0.17	2.56	2.4100	4.6006	52.462
999.00	A	16.000	2.0000	85.000	87.000	142.95	142.86	4649.7	0.22	2.25	1.4100		
999.00	A	16.000	2.0000	95.000	97.000	143.05	142.95	4653.4	0.29	2.44	2.0700		
999.00	A	16.000	2.0000	105.00	107.00	143.15	143.05	4657.4	0.32	2.54	2.5900	6.1886	41.908
999.00	A	16.000	2.0000	115.00	117.00	143.25	143.14	4661.1	0.27	2.43	3.3300	6.6050	50.405
999.00	A	16.000	2.0000	125.00	127.00	143.35	143.24	4665.2	0.28	2.63	3.9300	7.0586	55.636
999.00	A	16.000	2.0000	135.00	137.00	143.45	143.33	4668.8	0.17	2.44	2.4700	4.2049	58.810
999.00	A	16.000	2.0000	145.00	147.00	143.55	143.43	4672.9	0.21	2.52	5.7200	8.9705	63.808
999.00	A	16.000	3.0000	5.0000	7.0000	143.65	143.53	4677.0	0.25	2.58	2.6500	4.4134	60.143
999.00	A	16.000	3.0000	15.000	17.000	143.75	143.62	4680.7	0.29	2.76	2.3700	4.3467	54.520
999.00	A	16.000	3.0000	25.000	27.000	143.85	143.72	4684.7	0.39	2.49	3.0000	5.7252	52.346
999.00	A	16.000	3.0000	35.000	37.000	143.95	143.81	4688.4	0.36	2.51	2.3600	4.5095	52.312
999.00	A	16.000	3.0000	45.000	47.000	144.05	143.91	4692.5	0.29	2.44	2.9900	5.4224	55.095
999.00	.	16.000	3.0000	55.000	57.000	144.15	144.01	4696.5	0.11	2.54	2.3700	4.1721	56.836
999.00	A	16.000	3.0000	65.000	67.000	144.25	144.10	4700.2	0.16	2.29	2.2100	3.8424	57.402
999.00	A	16.000	3.0000	75.000	77.000	144.35	144.20	4704.3	0.03	2.43	1.9000	3.5130	54.145
999.00	A	16.000	3.0000	85.000	87.000	144.45	144.29	4707.9	0.12	2.37	2.2900	4.6875	48.922
999.00	A	16.000	3.0000	95.000	97.000	144.55	144.39	4712.0	-0.01	2.86	3.3000	6.5166	50.588
999.00	A	16.000	3.0000	105.00	107.00	144.65	144.49	4715.4	0.25	2.73	3.7200	8.1110	45.832
999.00	A	16.000	3.0000	115.00	117.00	144.75	144.58	4718.4	0.43	2.70	2.9100	6.1962	46.965
999.00	A	16.000	3.0000	125.00	127.00	144.85	144.68	4721.8	0.36	2.50	2.0500	3.8432	53.462
999.00	A	16.000	3.0000	135.00	137.00	144.95	144.77	4724.9	0.33	2.44	2.1200	4.2202	50.205
999.00	A	16.000	3.0000	145.00	147.00	145.05	144.87	4728.3	0.32	2.47	1.5700	3.5774	44.016
999.00	A	16.000	4.0000	5.0000	7.0000	145.15	144.97	4731.7	0.48	2.75	2.5400	7.0787	35.861
999.00	A	16.000	4.0000	15.000	17.000	145.25	145.06	4734.7	0.44	2.44	1.3600	3.4474	39.368
999.00	A	16.000	4.0000	25.000	27.000	145.35	145.16	4738.1	0.35	2.41	2.0700	3.9688	52.112
999.00	A	16.000	4.0000	35.000	37.000	145.45	145.25	4741.2	0.24	2.46	1.9600	3.3968	57.835
999.00	A	16.000	4.0000	45.000	47.000	145.55	145.35	4744.6	0.00	2.47	2.5900	4.4457	58.185
999.00	.	16.000	4.0000	55.000	57.000	145.65	145.45	4747.9	0.08	2.77	4.5900	7.4555	61.525
999.00	A	16.000	4.0000	65.000	67.000	145.75	145.54	4751.0	0.14	2.77	4.3100		
999.00	A	16.000	4.0000	75.000	77.000	145.85	145.64	4754.1	0.34	2.81	5.0300	10.103	49.738
999.00	A	16.000	4.0000	85.000	87.000	145.95	145.73	4756.9	0.26	2.75	2.5900	5.8286	44.399
999.00	A	16.000	4.0000	95.000	97.000	146.05	145.83	4760.0	0.16	2.52	2.9700	5.8191	50.988
999.00	A	16.000	4.0000	105.00	107.00	146.15	145.93	4763.2	0.36	2.58	3.2700	5.4870	59.510
999.00	A	16.000	4.0000	115.00	117.00	146.25	146.02	4766.0	0.43	2.66	2.3100	4.3068	53.687
999.00	A	16.000	4.0000	125.00	127.00	146.35	146.12	4769.1	0.37	2.51	1.8600	4.3724	42.616
999.00	A	16.000	4.0000	135.00	137.00	146.45	146.21	4771.9	0.50	2.51	3.2300	7.7219	41.825
999.00	A	16.000	4.0000	145.00	147.00	146.55	146.31	4775.0	0.31	2.44	2.5700	4.7807	53.662
999.00	A	16.000	5.0000	5.0000	7.0000	146.65	146.41	4778.1	0.27	2.51	2.7200	4.9820	54.645
999.00	A	16.000	5.0000	15.000	17.000	146.75	146.50	4781.0	0.34	2.65	3.1800	5.4072	58.760
999.00	A	16.000	5.0000	25.000	27.000	146.85	146.60	4784.1	0.35	2.54	2.8800	5.3120	54.170
999.00	A	16.000	5.0000	35.000	37.000	146.95	146.69	4786.9			3.3000	6.4241	51.354
999.00	A	16.000	5.0000	45.000	47.000	147.05	146.79	4790.0	0.27	2.91	3.2800	6.9834	46.965
999.00	.	16.000	5.0000	55.000	57.000	147.15	146.89	4793.1	0.46	2.60	2.7100	6.4406	42.091
999.00	A	16.000	5.0000	65.000	67.000	147.25	146.98	4795.9	0.38	2.56			53.029
999.00	A	16.000	5.0000	75.000	77.000	147.35	147.08	4799.1	0.32	2.53			52.896
999.00	A	16.000	5.0000	85.000	87.000	147.45	147.17	4801.9	0.29	2.61	3.8200	6.8007	56.236
999.00	A	16.000	5.0000	95.000	97.000	147.55	147.27	4805.0	0.18	2.52	3.4200	5.6429	60.634
999.00	A	16.000	5.0000	105.00	107.00	147.65	147.37	4808.1	0.47	2.26	4.3500	7.2196	60.268
999.00	A	16.000	5.0000	115.00	117.00	147.75	147.46	4810.9	0.21	2.44			60.859
999.00	A	16.000	5.0000	125.00	127.00	147.85	147.56	4814.1	0.22	2.55	4.0200	6.5559	61.292
999.00	A	16.000	5.0000	135.00	137.00	147.95	147.65	4816.9	0.26	2.49	3.9000	6.7720	57.519
999.00	A	16.000	5.0000	145.00	147.00	148.05	147.75	4820.0	0.11	2.64			61.992
999.00	A	16.000	6.0000	5.0000	7.0000	148.15	147.84	4822.8			3.8200	6.3627	60.043
999.00	A	16.000	6.0000	15.000	17.000	148.25	147.94	4825.9	0.20	2.89	3.8300	7.3702	52.013
999.00	A	16.000	6.0000	25.000	27.000	148.35	148.04	4829.1			2.1300	4.5296	46.965
999.00	A	16.000	6.0000	35.000	37.000	148.45	148.13	4831.9	0.37	2.52	2.7200	5.5470	48.964
999.00	A	16.000	6.0000	45.000	47.000	148.55	148.23	4835.0	0.35	2.50	3.6100	7.0161	51.429
999.00	.	16.000	6.0000	55.000	57.000	148.65	148.32	4837.8	0.27	2.73	2.4800	4.7413	52.279
999.00	A	16.000	6.0000	65.000	67.000	148.75	148.42	4840.9	0.40	2.61			51.629
999.00	A	16.000	6.0000	75.000	77.000	148.85	148.52	4844.1	0.47	2.53	1.9800	4.2745	46.373
999.00	A	16.000	6.0000	85.000	87.000	148.95	148.61	4846.9	0.49	2.42	2.9300	5.4781	53.429
999.00	A	16.000	6.0000	95.000	97.000	149.05	148.71	4850.0	0.31	2.49	2.2400	3.7055	60.559
999.00	A	16.000	6.0000	105.00	107.00	149.15	148.80	4852.8	0.37	2.52	2.6100	4.3104	60.526
999.00	A	16.000	6.0000	115.00	117.00	149.25	148.90	4855.9	0.14	2.46	3.1000	4.7753	64.916
999.00	A	16.000	6.0000	125.00	127.00	149.35	149.00	4859.1	0.21	2.55	3.4500	5.5189	62.467
999.00	A	16.000	6.0000	135.00	137.00	149.45	149.09	4861.9	0.18	2.44	3.1600	5.0740	62.200
999.00	A	16.000	6.0000	145.00	147.00	149.55	149.19	4865.0	0.12	2.57	3.6000	5.7234	62.983
999.00	A	16.000	7.0000	5.0000	7.0000	149.65	149.28	4867.8	0.13	2.57	3.2600	5.0088	65.174
999.00	A	16.000	7.0000	14.000	16.000	149.74	149.37	4870.6	0.20	2.89	6.4100	9.7448	65.790
999.00	A	16.000	0.0000	5.0000	7.0000	149.85	149.48	4874.1			8.0000	12.271	65.174
999.00	A	16.000	0.0000	15.000	17.000	149.95	149.57	4876.9	0.12	2.86	9.1300	14.674	62.192
999.00	A	16.000	0.0000	25.000	27.000	150.05	149.67	4880.0	0.11	3.11	5.0700	8.8078	57.544
999.00	A	16.000	0.0000	35.000	37.000	150.15	149.76	4884.3	0.06	2.76			59.893
999.00	A	16.000	0.0000	45.000	47.000	150.25	149.86	4889.1					51.704
999.00	A	16.000	0.0000	55.000	57.000	150.35	149.96	4893.9	0.21	2.87	3.8200	8.5581	44.649
999.00	A	16.000	0.0000	65.000	67.000	150.45	150.05	4898.2	0.21	2.88			32.395
999.00	A	17.000	1.0000	5.0000	7.0000	150.15	150.14	4902.5	0.08	2.51	3.8600	6.7090	57.477
999.00	A	17.000	1.0000	15.000	17.000	150.25	150.24	4907.3	0.34	2.43	2.9300	5.3216	55.145
999.00	A	17.000	1.0000	25.000	27.000	150.35	150.34	4912.1	0.23	2.55	3.0400	5.3128	57.227
999.00	A	17.000	1.0000	35.000	37.000	150.45	150.44	4916.9	0.25	2.43	4.0100	6.6466	60.393
999.00	A	17.000	1.0000	45.000	47.000	150.55	150.53	4921.2	0.03	2.56	3.4400	5.3068	64.807
999.00	.	17.000	1.0000	55.000	57.000	150.65	150.63	4926.0	0.17	2.52	4.3000	7.1632	60.084
999.00	A	17.000	1.0000	65.000	67.000	150.75	150.73	4930.8	0.19	2.48	3.5800	5.7371	62.392
999.00	A	17.000	1.0000	75.000	77.000	150.85	150.82	4935.1	0.05	2.58	3.5300	6.3463	55.561
999.00	XXX	17.000	1.0000	85.000	87.000	150.95	150.92	4939.9	0.05	2.69	3.7500	7.6233	49.230
999.00	A	17.000	1.0000	95.000	97.000	151.05	151.02	4944.7	0.15	2.73	2.3000	5.6352	40.817
999.00	A	17.000	1.0000	105.00	107.00	151.15	151.11	4949.0	0.26	2.45	2.7600	5.7764	47.814
999.00	A	17.000	1.0000	115.00	117.00	151.25	151.21	4953.8	0.22	2.36	3.2100	5.7209	56.144
999.00	A	17.000	1.0000	125.00	127.00	151.35	151.31	4958.6	0.21	2.34	2.3100	4.0051	57.727
999.00	A	17.000	1.0000	135.00	137.00	151.45	151.40	4962.9	0.27	2.56	1.4400	2.8226	50.896
999.00	A	17.000	1.0000	145.00	147.00	151.55	151.50	4967.7	0.14	2.30	2.3300	4.7221	49.397
999.00	A	17.000	2.0000	4.0000	6.0000	151.64	151.59	4972.0	0.24	2.28	1.7200	3.4922	49.230
999.00	A	17.000	2.0000	14.000	16.000	151.74	151.68	4976.3	0.33	2.44	2.4000	5.6310	42.566
999.00	A	17.000	2.0000	24.000	26.000	151.84	151.78	4981.1	0.30	2.76	1.7000	3.8895	43.732
999.00	A	17.000	2.0000	34.000	36.000	151.94	151.88	4985.9	0.20	2.49	2.8800	5.4009	53.312
999.00	A	17.000	2.0000	44.000	46.000	152.04	151.97	4990.2	0.25	2.23	2.5100	4.3078	58.310
999.00	.	17.000	2.0000	55.000	57.000	152.15	152.08	4995.5	0.24	2.21	3.7500	7.0156	53.404
999.00	A	17.000	2.0000	64.000	66.000	152.24	152.17	4999.8	0.30	2.25	2.0600	3.6220	56.811
999.00	A	17.000	2.0000	74.000	76.000	152.34	152.26	5004.1	0.34	2.49	3.2300	6.1651	52.396
999.00	A	17.000	2.0000	84.000	86.000	152.44	152.36	5008.9	0.43	2.48	2.5400	4.9966	50.896
999.00	A	17.000	2.0000	95.000	97.000	152.55	152.47	5014.2	0.22	2.42	2.9400	5.2648	55.811
999.00	A	17.000	2.0000	104.00	106.00	152.64	152.55	5018.0	0.24	2.28	1.6200	2.8894	56.061
999.00	A	17.000	2.0000	114.00	116.00	152.74	152.65	5022.8	0.25	2.41	2.2900	4.0440	56.727
999.00	A	17.000	2.0000	124.00	126.00	152.84	152.75	5027.6	0.23	2.51	2.0700	4.1359	49.980
999.00	A	17.000	2.0000	134.00	136.00	152.94	152.84	5031.9	0.09	2.38	2.0200	3.7953	53.145
999.00	A	17.000	2.0000	144.00	146.00	153.04	152.94	5036.7	0.05	2.43	1.8400	3.4027	54.145
999.00	A	17.000	3.0000	5.0000	7.0000	153.15	153.05	5042.0	0.14	2.74	3.1900	5.7585	55.478
999.00	A	17.000	3.0000	15.000	17.000	153.25	153.14	5046.8	0.09	2.69	3.3100	6.4170	51.646
999.00	A	17.000	3.0000	25.000	27.000	153.35	153.24	5052.1	0.07	2.75	2.4900	6.5513	38.068
999.00	A	17.000	3.0000	35.000	37.000	153.45	153.34	5057.5	0.16	2.54	1.4800	4.2848	34.653
999.00	A	17.000	3.0000	45.000	47.000	153.55	153.43	5062.3	0.26	2.30	0.93000	2.6219	35.403
999.00	.	17.000	3.0000	55.000	57.000	153.65	153.53	5067.6	0.13	2.22	0.65000	2.0963	31.071
999.00	A	17.000	3.0000	65.000	67.000	153.75	153.63	5072.9	0.45	2.31	4.2100	10.216	41.234
999.00	A	17.000	3.0000	75.000	77.000	153.85	153.72	5077.7	0.34	2.44	2.0400	4.2421	47.981
999.00	A	17.000	3.0000	85.000	87.000	153.95	153.82	5083.1	0.29	2.32	2.2700	4.2184	53.895
999.00	A	17.000	3.0000	95.000	97.000	154.05	153.92	5088.4	0.21	2.36	2.2700	4.1336	54.895
999.00	A	17.000	3.0000	105.00	107.00	154.15	154.01	5093.2	0.12	2.20	3.9700	6.7274	59.060
999.00	A	17.000	3.0000	115.00	117.00	154.25	154.11	5098.5	-0.08	2.44	3.7700	5.7026	66.057
999.00	A	17.000	3.0000	125.00	127.00	154.35	154.21	5103.9	-0.14	2.54	4.3300	6.3634	68.056
999.00	A	17.000	3.0000	135.00	137.00	154.45	154.30	5108.7	0.08	2.43	4.8600	7.8518	61.892
999.00	A	17.000	3.0000	145.00	147.00	154.55	154.40	5114.0	0.04	2.86	5.0300	9.6395	52.146
999.00	A	17.000	4.0000	5.0000	7.0000	154.65	154.50	5117.9	0.11	2.71	1.2800	3.4157	37.485
999.00	A	17.000	4.0000	15.000	17.000	154.75	154.59	5121.4	0.29	2.58	0.84000	1.4747	56.977
999.00	A	17.000	4.0000	25.000	27.000	154.85	154.69	5125.2	0.12	2.42	1.0400	1.4816	70.305
999.00	A	17.000	4.0000	35.000	37.000	154.95	154.79	5129.1	0.22	2.51	1.2400	1.6597	74.720
999.00	A	17.000	4.0000	45.000	47.000	155.05	154.88	5132.6	0.19	2.34	1.6300	2.6238	62.058
999.00	.	17.000	4.0000	55.000	57.000	155.15	154.98	5136.5	0.12	2.36	1.4700	2.6659	54.978
999.00	A	17.000	4.0000	65.000	67.000	155.25	155.08	5140.4	0.11	2.51	0.83000	2.6408	31.571
999.00	A	17.000	4.0000	75.000	77.000	155.35	155.17	5143.9			0.91000	2.2880	39.901
999.00	A	17.000	4.0000	85.000	87.000	155.45	155.27	5147.8	0.42	2.49	1.9500	5.7559	33.820
999.00	A	17.000	4.0000	95.000	97.000	155.55	155.37	5151.6	0.26	2.37	1.4900	4.1408	35.902
999.00	A	17.000	4.0000	105.00	107.00	155.65	155.46	5155.1			1.0600	3.2670	32.570
999.00	A	17.000	4.0000	115.00	117.00	155.75	155.56	5159.0	0.31	2.94	2.5000	8.8665	28.155
999.00	A	17.000	4.0000	125.00	127.00	155.85	155.66	5163.1	0.24	2.76	2.2100	8.1835	26.989
999.00	A	17.000	4.0000	135.00	137.00	155.95	155.75	5166.8	0.17	2.71	2.8800	7.9613	36.152
999.00	A	17.000	4.0000	145.00	147.00	156.05	155.85	5170.8	0.21	2.74	1.2300	4.2635	28.739
999.00	A	17.000	5.0000	5.0000	7.0000	156.15	155.95	5174.9	0.11	2.57	0.93000	2.3956	38.901
999.00	A	17.000	5.0000	15.000	17.000	156.25	156.04	5178.6	0.17	2.37	1.4200	3.8441	36.985
999.00	A	17.000	5.0000	25.000	27.000	156.35	156.14	5182.7	0.29	2.16	1.1400	2.4920	45.648
999.00	A	17.000	5.0000	35.000	37.000	156.45	156.24	5186.8	0.31	2.58	2.2200	6.0292	36.819
999.00	A	17.000	5.0000	45.000	47.000	156.55	156.33	5190.5	0.27	2.52	1.6600	4.3322	38.251
999.00	.	17.000	5.0000	55.000	57.000	156.65	156.43	5194.5	0.34	2.44	5.5400	11.912	46.481
999.00	A	17.000	5.0000	65.000	67.000	156.75	156.53	5198.6	0.26	2.57	2.0800	5.3754	38.735
999.00	A	17.000	5.0000	75.000	77.000	156.85	156.62	5202.3	0.21	2.37	1.3300	3.6813	36.152
999.00	A	17.000	5.0000	85.000	87.000	156.95	156.72	5206.4	0.26	2.26	1.9000	5.8849	32.320
999.00	A	17.000	5.0000	95.000	97.000	157.05	156.82	5210.5	0.27	2.46	2.5200	5.2706	47.897
999.00	A	17.000	5.0000	105.00	107.00	157.15	156.91	5214.1	-0.20	2.59	2.3000	4.5128	51.063
999.00	A	17.000	5.0000	115.00	117.00	157.25	157.01	5218.2	0.04	2.44	2.2100	3.9155	56.394
999.00	A	17.000	5.0000	125.00	127.00	157.35	157.11	5222.3	-0.02	2.47	4.6700	7.3993	63.141
999.00	A	17.000	5.0000	135.00	137.00	157.45	157.20	5226.0	0.02	2.52	4.3000	6.9812	61.642
999.00	XXX	17.000	5.0000	145.00	147.00	157.55	157.30	5230.1	-0.15	2.80	6.6200	10.307	64.224
999.00	A	17.000	6.0000	5.0000	7.0000	157.65	157.40	5234.2	0.16	2.70	6.1800	11.656	52.979
999.00	A	17.000	6.0000	15.000	17.000	157.75	157.49	5237.8	0.14	2.80	4.1100	8.0682	50.896
999.00	A	17.000	6.0000	25.000	27.000	157.85	157.59	5241.9	0.30	2.57	3.4600	7.0826	48.814
999.00	A	17.000	6.0000	35.000	37.000	157.95	157.69	5246.0	0.06	2.77	2.7800	5.0651	54.811
999.00	A	17.000	6.0000	45.000	47.000	158.05	157.78	5249.6			2.3000	4.0252	57.144
999.00	.	17.000	6.0000	55.000	57.000	158.15	157.88	5253.6	0.36	2.43	1.7300	3.4484	50.072
999.00	A	17.000	6.0000	65.000	67.000	158.25	157.98	5257.6	0.32	2.55	1.3200	2.6523	49.647
999.00	A	17.000	6.0000	75.000	77.000	158.35	158.07	5261.2	0.36	2.43	4.6200	8.6582	53.312
999.00	A	17.000	6.0000	85.000	87.000	158.45	158.17	5265.2	-0.15	2.81	5.2800	8.4223	62.642
999.00	A	17.000	6.0000	95.000	97.000	158.55	158.27	5269.2	0.15	2.62	5.1600	7.6966	67.057
999.00	A	17.000	6.0000	105.00	107.00	158.65	158.36	5272.8	0.24	2.73	5.2800	7.7153	68.473
999.00	A	17.000	6.0000	115.00	117.00	158.75	158.46	5276.8	0.27	2.69	4.9100	7.3381	66.890
999.00	A	17.000	6.0000	125.00	127.00	158.85	158.56	5280.8	0.13	2.62	5.3800	7.6951	69.889
999.00	A	17.000	6.0000	135.00	137.00	158.95	158.65	5284.4	0.24	2.53	5.4600	8.2430	66.224
999.00	A	17.000	6.0000	145.00	147.00	159.05	158.75	5288.4	0.31	2.69	5.4800	8.3020	65.974
999.00	A	17.000	7.0000	5.0000	7.0000	159.15	158.85	5292.4	0.33	2.59	6.1700	9.7721	63.141
999.00	A	17.000	7.0000	15.000	17.000	159.25	158.94	5296.0	0.35	2.67	5.9500	8.8156	67.473
999.00	A	17.000	7.0000	25.000	27.000	159.35	159.04	5300.0	0.19	2.83	5.3200	7.7852	68.306
999.00	A	17.000	7.0000	35.000	37.000	159.45	159.14	5304.4	0.25	2.65	5.4000	7.8642	68.639
999.00	A	17.000	7.0000	45.000	47.000	159.55	159.23	5308.3	0.12	2.37	6.0000	8.9034	67.390
999.00	.	17.000	7.0000	55.000	57.000	159.65	159.33	5312.7	0.36	2.60	6.5800	10.250	64.224
999.00	A	17.000	0.0000	5.0000	7.0000	159.75	159.43	5317.1	0.05	2.78	5.8900	8.4382	69.805
999.00	A	17.000	0.0000	15.000	17.000	159.85	159.52	5321.0	0.30	2.52	5.0500		
999.00	A	18.000	1.0000	5.0000	7.0000	159.65	159.65	5326.7					
999.00	A	18.000	1.0000	15.000	17.000	159.75	159.74	5330.6					
999.00	A	18.000	1.0000	25.000	27.000	159.85	159.84	5335.0					
999.00	A	18.000	1.0000	35.000	37.000	159.95	159.94	5339.4					
999.00	A	18.000	1.0000	45.000	47.000	160.05	160.03	5343.3					
999.00	.	18.000	1.0000	55.000	57.000	160.15	160.13	5347.7					
999.00	A	18.000	1.0000	65.000	67.000	160.25	160.23	5352.1					
999.00	A	18.000	1.0000	75.000	77.000	160.35	160.32	5356.0					
999.00	A	18.000	1.0000	85.000	87.000	160.45	160.42	5360.4					
999.00	A	18.000	1.0000	95.000	97.000	160.55	160.52	5364.7					
999.00	A	18.000	1.0000	105.00	107.00	160.65	160.61	5368.7					
999.00	A	18.000	1.0000	115.00	117.00	160.75	160.71	5373.1					
999.00	A	18.000	1.0000	125.00	127.00	160.85	160.80	5377.0					
999.00	A	18.000	1.0000	135.00	137.00	160.95	160.90	5381.4					
999.00	A	18.000	1.0000	145.00	147.00	161.05	161.00	5385.7					
999.00	A	18.000	2.0000	5.0000	7.0000	161.15	161.09	5389.7					
999.00	A	18.000	2.0000	15.000	17.000	161.25	161.19	5394.1					
999.00	A	18.000	2.0000	25.000	27.000	161.35	161.29	5398.4					
999.00	A	18.000	2.0000	35.000	37.000	161.45	161.38	5402.4					
999.00	A	18.000	2.0000	45.000	47.000	161.55	161.48	5406.7					
999.00	.	18.000	2.0000	55.000	57.000	161.65	161.58	5411.1					
999.00	A	18.000	2.0000	65.000	67.000	161.75	161.67	5415.1					
999.00	A	18.000	2.0000	75.000	77.000	161.85	161.77	5419.4					
999.00	A	18.000	2.0000	85.000	87.000	161.95	161.86	5423.4					
999.00	A	18.000	2.0000	94.000	96.000	162.04	161.95	5427.3					
999.00	A	18.000	2.0000	105.00	107.00	162.15	162.06	5432.1					
999.00	A	18.000	2.0000	115.00	117.00	162.25	162.15	5436.1					
999.00	A	18.000	2.0000	125.00	127.00	162.35	162.25	5440.4					
999.00	A	18.000	2.0000	135.00	137.00	162.45	162.35	5444.8					
999.00	A	18.000	2.0000	145.00	147.00	162.55	162.44	5448.7					
999.00	A	18.000	3.0000	5.0000	7.0000	162.65	162.54	5453.1					
999.00	A	18.000	3.0000	15.000	17.000	162.75	162.63	5457.1					
999.00	A	18.000	3.0000	25.000	27.000	162.85	162.73	5461.4					
999.00	A	18.000	3.0000	35.000	37.000	162.95	162.83	5465.8					
999.00	A	18.000	3.0000	45.000	47.000	163.05	162.92	5469.8					
999.00	.	18.000	3.0000	55.000	57.000	163.15	163.02	5474.1					
999.00	A	18.000	3.0000	65.000	67.000	163.25	163.12	5478.5					
999.00	A	18.000	3.0000	75.000	77.000	163.35	163.21	5482.4					
999.00	A	18.000	3.0000	85.000	87.000	163.45	163.31	5486.8					
999.00	A	18.000	3.0000	95.000	97.000	163.55	163.41	5491.2					
999.00	A	18.000	3.0000	105.00	107.00	163.65	163.50	5495.1					
999.00	A	18.000	3.0000	115.00	117.00	163.75	163.60	5499.5					
999.00	A	18.000	3.0000	125.00	127.00	163.85	163.69	5503.4					
999.00	A	18.000	3.0000	135.00	137.00	163.95	163.79	5507.8					
999.00	A	18.000	3.0000	143.00	145.00	164.03	163.87	5511.3					
999.00	A	18.000	4.0000	5.0000	7.0000	164.15	163.98	5516.1					
999.00	A	18.000	4.0000	15.000	17.000	164.25	164.08	5520.5					
999.00	A	18.000	4.0000	25.000	27.000	164.35	164.18	5524.9					
999.00	A	18.000	4.0000	35.000	37.000	164.45	164.27	5528.8					
999.00	A	18.000	4.0000	45.000	47.000	164.55	164.37	5533.2					
999.00	.	18.000	4.0000	55.000	57.000	164.65	164.47	5537.6					
999.00	A	18.000	4.0000	65.000	67.000	164.75	164.56	5541.5					
999.00	A	18.000	4.0000	75.000	77.000	164.85	164.66	5545.9					
999.00	A	18.000	4.0000	85.000	87.000	164.95	164.75	5549.8					
999.00	A	18.000	4.0000	95.000	97.000	165.05	164.85	5554.2					
999.00	A	18.000	4.0000	105.00	107.00	165.15	164.95	5558.6					
999.00	A	18.000	4.0000	115.00	117.00	165.25	165.04	5562.5					
999.00	A	18.000	4.0000	125.00	127.00	165.35	165.14	5566.9					
999.00	A	18.000	4.0000	135.00	137.00	165.45	165.24	5571.2					
999.00	A	18.000	4.0000	145.00	147.00	165.55	165.33	5575.2					
999.00	A	18.000	5.0000	5.0000	7.0000	165.68	165.46	5580.9					
999.00	A	18.000	5.0000	15.000	17.000	165.78	165.55	5584.8					
999.00	A	18.000	5.0000	25.000	27.000	165.88	165.65	5589.2					
999.00	A	18.000	5.0000	35.000	37.000	165.98	165.75	5593.6					
999.00	A	18.000	5.0000	45.000	47.000	166.08	165.84	5597.5					
999.00	.	18.000	5.0000	55.000	57.000	166.18	165.94	5601.9					
999.00	A	18.000	5.0000	65.000	67.000	166.28	166.04	5606.3					
999.00	A	18.000	5.0000	75.000	77.000	166.38	166.13	5610.2					
999.00	A	18.000	5.0000	85.000	87.000	166.48	166.23	5614.6					
999.00	A	18.000	5.0000	95.000	97.000	166.58	166.33	5618.9					
999.00	A	18.000	5.0000	105.00	107.00	166.68	166.42	5622.9					
999.00	A	18.000	5.0000	115.00	117.00	166.78	166.52	5627.2					
999.00	A	18.000	5.0000	125.00	127.00	166.88	166.61	5631.2					
999.00	A	18.000	5.0000	135.00	137.00	166.98	166.71	5635.6					
999.00	A	18.000	5.0000	145.00	147.00	167.08	166.81	5639.9					
999.00	A	18.000	6.0000	5.0000	7.0000	167.18	166.90	5643.9					
999.00	A	18.000	6.0000	15.000	17.000	167.28	167.00	5648.2					
999.00	A	18.000	6.0000	25.000	27.000	167.38	167.10	5652.6					
999.00	A	18.000	6.0000	35.000	37.000	167.48	167.19	5656.6					
999.00	A	18.000	6.0000	45.000	47.000	167.58	167.29	5660.9					
999.00	.	18.000	6.0000	55.000	57.000	167.68	167.38	5664.9					
999.00	A	18.000	6.0000	65.000	67.000	167.78	167.48	5669.2					
999.00	A	18.000	6.0000	75.000	77.000	167.88	167.58	5673.6					
999.00	A	18.000	6.0000	85.000	87.000	167.98	167.67	5677.6					
999.00	A	18.000	6.0000	95.000	97.000	168.08	167.77	5681.9					
999.00	A	18.000	6.0000	105.00	107.00	168.18	167.87	5686.3					
999.00	A	18.000	6.0000	115.00	117.00	168.28	167.96	5690.2					
999.00	A	18.000	6.0000	125.00	127.00	168.38	168.06	5694.6					
999.00	A	18.000	6.0000	135.00	137.00	168.48	168.16	5699.0					
999.00	A	18.000	6.0000	145.00	147.00	168.58	168.25	5702.9					
999.00	A	18.000	7.0000	5.0000	7.0000	168.68	168.35	5707.3					
999.00	A	18.000	7.0000	15.000	17.000	168.78	168.44	5711.2					
999.00	A	18.000	7.0000	25.000	27.000	168.88	168.54	5715.6					
999.00	A	18.000	7.0000	35.000	37.000	168.98	168.64	5720.0					
999.00	A	18.000	7.0000	45.000	47.000	169.08	168.73	5723.9					
999.00	.	18.000	7.0000	55.000	57.000	169.18	168.83	5728.3					
999.00	A	18.000	7.0000	59.000	61.000	169.22	168.87	5730.1					
999.00	A	18.000	0.0000	5.0000	7.0000	169.27	168.92	5732.3					
999.00	A	18.000	0.0000	15.000	17.000	169.37	169.01	5736.2					
999.00	A	18.000	0.0000	23.000	25.000	169.45	169.09	5739.7					
999.00	A	19.000	1.0000	5.0000	7.0000	169.15	169.15	5742.3					
999.00	A	19.000	1.0000	15.000	17.000	169.25	169.24	5746.2					
999.00	A	19.000	1.0000	25.000	27.000	169.35	169.34	5750.6					
999.00	A	19.000	1.0000	35.000	37.000	169.45	169.44	5755.0					
999.00	A	19.000	1.0000	45.000	47.000	169.55	169.53	5758.9					
999.00	.	19.000	1.0000	55.000	57.000	169.65	169.63	5763.3					
999.00	A	19.000	1.0000	65.000	67.000	169.75	169.72	5767.2					
999.00	A	19.000	1.0000	75.000	77.000	169.85	169.82	5771.6					
999.00	A	19.000	1.0000	85.000	87.000	169.95	169.91	5775.6					
999.00	A	19.000	1.0000	95.000	97.000	170.05	170.01	5779.9					
999.00	A	19.000	1.0000	105.00	107.00	170.15	170.11	5784.3					
999.00	A	19.000	1.0000	115.00	117.00	170.25	170.20	5788.3					
999.00	A	19.000	1.0000	125.00	127.00	170.35	170.30	5792.6					
999.00	A	19.000	1.0000	135.00	137.00	170.45	170.39	5796.6					
999.00	A	19.000	1.0000	145.00	147.00	170.55	170.49	5800.9					
999.00	A	19.000	2.0000	5.0000	7.0000	170.65	170.58	5804.9					
999.00	A	19.000	2.0000	15.000	17.000	170.75	170.68	5809.2					
999.00	A	19.000	2.0000	25.000	27.000	170.85	170.78	5813.6					
999.00	A	19.000	2.0000	35.000	37.000	170.95	170.87	5817.6					
999.00	A	19.000	2.0000	45.000	47.000	171.05	170.97	5821.9					
999.00	.	19.000	2.0000	55.000	57.000	171.15	171.06	5825.9					
999.00	A	19.000	2.0000	65.000	67.000	171.25	171.16	5830.2					
999.00	A	19.000	2.0000	75.000	77.000	171.35	171.25	5834.2					
999.00	A	19.000	2.0000	87.000	89.000	171.47	171.37	5839.4					
999.00	A	19.000	2.0000	95.000	97.000	171.55	171.45	5842.9					
999.00	A	19.000	2.0000	105.00	107.00	171.65	171.54	5846.9					
999.00	A	19.000	2.0000	115.00	117.00	171.75	171.64	5851.3					
999.00	A	19.000	2.0000	125.00	127.00	171.85	171.73	5855.2					
999.00	A	19.000	2.0000	135.00	137.00	171.95	171.83	5859.6					
999.00	A	19.000	2.0000	145.00	147.00	172.05	171.93	5863.9					
999.00	A	19.000	3.0000	5.0000	7.0000	172.15	172.02	5867.9					
999.00	A	19.000	3.0000	15.000	17.000	172.25	172.12	5872.3					
999.00	A	19.000	3.0000	25.000	27.000	172.35	172.21	5876.2					
999.00	A	19.000	3.0000	35.000	37.000	172.45	172.31	5880.6					
999.00	A	19.000	3.0000	45.000	47.000	172.55	172.40	5884.5					
999.00	.	19.000	3.0000	55.000	57.000	172.65	172.50	5888.9					
999.00	A	19.000	3.0000	65.000	67.000	172.75	172.60	5893.2					
999.00	A	19.000	3.0000	75.000	77.000	172.85	172.69	5897.2					
999.00	A	19.000	3.0000	85.000	87.000	172.95	172.79	5901.6					
999.00	A	19.000	3.0000	95.000	97.000	173.05	172.88	5905.5					
999.00	A	19.000	3.0000	105.00	107.00	173.15	172.98	5909.9					
999.00	A	19.000	3.0000	115.00	117.00	173.25	173.07	5913.8					
999.00	A	19.000	3.0000	125.00	127.00	173.35	173.17	5918.2					
999.00	A	19.000	3.0000	135.00	137.00	173.45	173.27	5922.6					
999.00	A	19.000	3.0000	145.00	147.00	173.55	173.36	5926.5					
999.00	A	19.000	4.0000	5.0000	7.0000	173.67	173.48	5931.7					
999.00	A	19.000	4.0000	15.000	17.000	173.77	173.57	5935.7					
999.00	A	19.000	4.0000	25.000	27.000	173.87	173.67	5940.1					
999.00	A	19.000	4.0000	35.000	37.000	173.97	173.76	5944.0					
999.00	A	19.000	4.0000	45.000	47.000	174.07	173.86	5948.4					
999.00	.	19.000	4.0000	55.000	57.000	174.17	173.96	5952.7					
999.00	A	19.000	4.0000	65.000	67.000	174.27	174.05	5956.7					
999.00	A	19.000	4.0000	75.000	77.000	174.37	174.15	5961.1					
999.00	A	19.000	4.0000	85.000	87.000	174.47	174.24	5965.0					
999.00	A	19.000	4.0000	95.000	97.000	174.57	174.34	5969.4					
999.00	A	19.000	4.0000	105.00	107.00	174.67	174.43	5973.3					
999.00	A	19.000	4.0000	115.00	117.00	174.77	174.53	5977.7					
999.00	A	19.000	4.0000	125.00	127.00	174.87	174.63	5982.1					
999.00	A	19.000	4.0000	135.00	137.00	174.97	174.72	5986.0					
999.00	A	19.000	4.0000	145.00	147.00	175.07	174.82	5990.4					
999.00	A	19.000	5.0000	5.0000	7.0000	175.20	174.94	5995.6					
999.00	A	19.000	5.0000	15.000	17.000	175.30	175.04	6000.0					
999.00	A	19.000	5.0000	25.000	27.000	175.40	175.13	6003.9					
999.00	A	19.000	5.0000	35.000	37.000	175.50	175.23	6008.3					
999.00	A	19.000	5.0000	45.000	47.000	175.60	175.32	6012.2					
999.00	.	19.000	5.0000	54.000	56.000	175.69	175.41	6016.2					
999.00	A	19.000	5.0000	65.000	67.000	175.80	175.52	6021.0					
999.00	A	19.000	5.0000	75.000	77.000	175.90	175.61	6024.9					
999.00	A	19.000	5.0000	85.000	87.000	176.00	175.71	6029.3					
999.00	A	19.000	5.0000	95.000	97.000	176.10	175.80	6033.3					
999.00	A	19.000	5.0000	105.00	107.00	176.20	175.90	6037.6					
999.00	A	19.000	5.0000	115.00	117.00	176.30	176.00	6042.0					
999.00	A	19.000	5.0000	125.00	127.00	176.40	176.09	6045.9					
999.00	A	19.000	5.0000	135.00	137.00	176.50	176.19	6050.3					
999.00	A	19.000	5.0000	145.00	147.00	176.60	176.28	6054.2					
999.00	A	19.000	6.0000	5.0000	7.0000	176.70	176.38	6058.6					
999.00	A	19.000	6.0000	15.000	17.000	176.80	176.47	6062.6					
999.00	A	19.000	6.0000	25.000	27.000	176.90	176.57	6066.9					
999.00	A	19.000	6.0000	35.000	37.000	177.00	176.67	6071.3					
999.00	A	19.000	6.0000	45.000	47.000	177.10	176.76	6075.2					
999.00	.	19.000	6.0000	55.000	57.000	177.20	176.86	6079.6					
999.00	A	19.000	6.0000	65.000	67.000	177.30	176.95	6083.6					
999.00	A	19.000	6.0000	75.000	77.000	177.40	177.05	6087.9					
999.00	A	19.000	6.0000	85.000	87.000	177.50	177.14	6091.9					
999.00	A	19.000	6.0000	95.000	97.000	177.60	177.24	6096.2					
999.00	A	19.000	6.0000	105.00	107.00	177.70	177.34	6100.6					
999.00	A	19.000	6.0000	115.00	117.00	177.80	177.43	6104.6					
999.00	A	19.000	6.0000	125.00	127.00	177.90	177.53	6108.9					
999.00	A	19.000	6.0000	135.00	137.00	178.00	177.62	6112.9					
999.00	A	19.000	6.0000	145.00	147.00	178.10	177.72	6117.3					
999.00	A	19.000	7.0000	5.0000	7.0000	178.20	177.81	6121.2					
999.00	.	19.000	7.0000	9.0000	11.000	178.24	177.85	6122.9					
999.00	A	19.000	7.0000	15.000	17.000	178.30	177.91	6125.6					
999.00	A	19.000	7.0000	25.000	27.000	178.40	178.01	6129.9					
999.00	A	19.000	7.0000	35.000	37.000	178.50	178.10	6133.9					
999.00	A	19.000	7.0000	45.000	47.000	178.60	178.20	6138.3					
999.00	A	19.000	7.0000	55.000	57.000	178.70	178.29	6142.2					
999.00	A	19.000	0.0000	5.0000	7.0000	178.80	178.39	6146.6					
999.00	A	19.000	0.0000	15.000	17.000	178.90	178.49	6150.9					
999.00	A	19.000	0.0000	25.000	27.000	179.00	178.58	6154.9					
