Core label	depth	compdepth	age	cw13	cw18
GeoB3603-2	0,08	0,08	2,50	0,55	2,82
GeoB3603-2	0,13	0,13	6,00	0,36	2,92
GeoB3603-2	0,18	0,18	9,60	0,61	2,76
GeoB3603-2	0,23	0,23	13,16	0,05	4,04
GeoB3603-2	0,28	0,28	16,50	0	4,37
GeoB3603-2	0,33	0,33	19,45	0,10	4,43
GeoB3603-2	0,38	0,38	22,03	0,17	4,31
GeoB3603-2	0,43	0,43	24,26	-0,10	4,21
GeoB3603-2	0,48	0,48	26,20	-0,12	4,28
GeoB3603-2	0,53	0,53	27,88	-0,02	4,25
GeoB3603-2	0,58	0,58	29,35	0,01	4,20
GeoB3603-2	0,63	0,63	30,64	0,04	4,24
GeoB3603-2	0,68	0,68	31,81	-0,28	4,17
GeoB3603-2	0,73	0,73	32,89	-0,12	4,12
GeoB3603-2	0,78	0,78	33,92	-0,09	4,06
GeoB3603-2	0,83	0,83	34,94	-0,04	3,99
GeoB3603-2	0,88	0,88	36,00	0,04	3,92
GeoB3603-2	0,93	0,93	37,13	0,09	3,95
GeoB3603-2	0,98	0,98	38,33	0,07	4,02
GeoB3603-2	1,03	1,03	39,60	0,24	3,91
GeoB3603-2	1,08	1,08	40,93	0,14	3,94
GeoB3603-2	1,13	1,13	42,31	0,18	3,85
GeoB3603-2	1,18	1,18	43,74	0,31	3,79
GeoB3603-2	1,23	1,23	45,21	0,40	3,90
GeoB3603-2	1,28	1,28	46,72	0,27	3,96
GeoB3603-2	1,33	1,33	48,26	0,58	3,90
GeoB3603-2	1,38	1,38	49,82	0,22	3,86
GeoB3603-2	1,43	1,43	51,41	0,31	3,84
GeoB3603-2	1,48	1,48	53,00	0,15	3,74
GeoB3603-2	1,53	1,53	54,60	-0,09	3,92
GeoB3603-2	1,58	1,58	56,19	0,06	3,75
GeoB3603-2	1,63	1,63	57,77	-0,07	3,70
GeoB3603-2	1,68	1,68	59,32	-0,05	3,90
GeoB3603-2	1,73	1,73	60,83	-0,23	4,02
GeoB3603-2	1,78	1,78	62,29	0,05	4,05
GeoB3603-2	1,83	1,83	63,68	-0,07	4,11
GeoB3603-2	1,88	1,88	65,00	-0,32	4,11
GeoB3603-2	1,93	1,93	66,24	0,02	4,05
GeoB3603-2	1,98	1,98	67,41	0,28	3,86
GeoB3603-2	2,03	2,03	68,54	0,24	3,84
GeoB3603-2	2,08	2,08	69,64	0,11	3,74
GeoB3603-2	2,13	2,13	70,73	0,14	3,89
GeoB3603-2	2,23	2,23	73,00	0,17	3,41
GeoB3603-2	2,28	2,28	74,20	0,31	3,47
GeoB3603-2	2,33	2,33	75,48	0,37	3,45
GeoB3603-2	2,38	2,38	76,86	0,43	3,39
GeoB3603-2	2,43	2,43	78,36	0,63	3,29
GeoB3603-2	2,48	2,48	80,00	0,67	3,17
GeoB3603-2	2,53	2,53	81,78	0,58	3,16
GeoB3603-2	2,58	2,58	83,60	0,30	3,47
GeoB3603-2	2,63	2,63	85,38	0,46	3,56
GeoB3603-2	2,68	2,68	87,00	0,54	3,74
GeoB3603-2	2,73	2,73	88,39	0,63	3,61
GeoB3603-2	2,78	2,78	89,58	0,45	3,49
GeoB3603-2	2,83	2,83	90,66	0,46	3,42
GeoB3603-2	2,93	2,93	92,79	0,33	3,43
GeoB3603-2	2,98	2,98	93,99	0,53	3,26
GeoB3603-2	3,03	3,03	95,37	0,46	3,30
GeoB3603-2	3,08	3,08	97,02	0,16	3,37
GeoB3603-2	3,13	3,13	99,00	0,43	3,36
GeoB3603-2	3,18	3,18	101,35	0,27	3,47
GeoB3603-2	3,23	3,23	103,93	0,21	3,41
GeoB3603-2	3,28	3,28	106,54	0,11	3,36
GeoB3603-2	3,33	3,33	109,00	0,39	3,61
GeoB3603-2	3,38	3,38	111,15	0,61	3,51
GeoB3603-2	3,43	3,43	113,03	0,40	3,14
GeoB3603-2	3,48	3,48	114,69	0,59	3,14
GeoB3603-2	3,53	3,53	116,19	0,51	2,67
GeoB3603-2	3,58	3,58	117,61	0,60	2,62
GeoB3603-2	3,63	3,63	119,01	0,64	2,56
GeoB3603-2	3,68	3,68	120,45	0,69	2,54
GeoB3603-2	3,73	3,73	122,00	0,59	2,60
GeoB3603-2	3,78	3,78	123,70	0,52	2,56
GeoB3603-2	3,83	3,83	125,53	0,51	2,66
GeoB3603-2	3,88	3,88	127,45	0,26	3,04
GeoB3603-2	3,93	3,93	129,39	0,01	3,88
GeoB3603-2	3,98	3,98	131,33	0,01	3,98
GeoB3603-2	4,03	4,03	133,22	0	3,88
GeoB3603-2	4,08	4,08	135,00	-0,17	4,32
GeoB3603-2	4,13	4,13	136,65	0,08	4,26
GeoB3603-2	4,18	4,18	138,17	-0,03	4,20
GeoB3603-2	4,23	4,23	139,59	0,26	4,01
GeoB3603-2	4,28	4,28	140,93	0,15	3,94
GeoB3603-2	4,33	4,33	142,20	0,03	4,24
GeoB3603-2	4,38	4,38	143,43	-0,25	4,36
GeoB3603-2	4,43	4,43	144,63	-0,28	4,20
GeoB3603-2	4,48	4,48	145,83	-0,20	4,13
GeoB3603-2	4,53	4,53	147,05	-0,36	4,17
GeoB3603-2	4,58	4,58	148,30	-0,21	4,18
GeoB3603-2	4,63	4,63	149,61	-0,30	4,27
GeoB3603-2	4,68	4,68	151,00	-0,22	4,28
GeoB3603-2	4,73	4,73	152,48	-0,38	4,23
GeoB3603-2	4,78	4,78	154,05	-0,12	4,01
GeoB3603-2	4,83	4,83	155,71	-0,26	4,07
GeoB3603-2	4,88	4,88	157,44	-0,08	4,06
GeoB3603-2	4,93	4,93	159,24	-0,30	4,01
GeoB3603-2	4,98	4,98	161,09	-0,52	3,95
GeoB3603-2	5,03	5,03	163,00	0,03	3,91
GeoB3603-2	5,08	5,08	164,95	0,11	3,78
GeoB3603-2	5,13	5,13	166,94	0,18	3,69
GeoB3603-2	5,18	5,18	168,96	-0,17	3,84
GeoB3603-2	5,23	5,23	171,00	-0,15	3,93
GeoB3603-2	5,28	5,28	173,05	-0,43	3,86
GeoB3603-2	5,33	5,33	175,10	-0,20	3,79
GeoB3603-2	5,38	5,38	177,14	0,07	3,90
GeoB3603-2	5,43	5,43	179,14	0,45	3,65
GeoB3603-2	5,48	5,48	181,10	0,16	3,78
GeoB3603-2	5,53	5,53	183,00	-0,30	4,11
GeoB3603-2	5,58	5,58	184,83	-0,14	3,89
GeoB3603-2	5,63	5,63	186,60	-0,11	3,99
GeoB3603-2	5,68	5,68	188,32	-0,03	3,62
GeoB3603-2	5,73	5,73	190,01	0,08	3,47
GeoB3603-2	5,78	5,78	191,68	0	3,34
GeoB3603-2	5,83	5,83	193,35	0,31	3,33
GeoB3603-2	5,88	5,88	195,02	0,24	3,29
GeoB3603-2	5,93	5,93	196,71	0,37	3,06
GeoB3603-2	5,98	5,98	198,44	0,22	3,30
GeoB3603-2	6,03	6,03	200,22	0,35	2,93
GeoB3603-2	6,08	6,08	202,07	0,22	3,20
GeoB3603-2	6,13	6,13	203,99	0,24	3,23
GeoB3603-2	6,18	6,18	206,00	0,54	3,33
GeoB3603-2	6,23	6,23	208,11	0,45	3,18
GeoB3603-2	6,28	6,28	210,30	0,48	2,98
GeoB3603-2	6,33	6,33	212,55	0,48	3,10
GeoB3603-2	6,38	6,38	214,84	0,59	2,93
GeoB3603-2	6,43	6,43	217,14	0,48	3,02
GeoB3603-2	6,48	6,48	219,43	-0,11	3,42
GeoB3603-2	6,53	6,53	221,68	-0,11	3,67
GeoB3603-2	6,58	6,58	223,87	-0,28	3,86
GeoB3603-2	6,63	6,63	225,99	0,06	4,04
GeoB3603-2	6,68	6,68	228,00	0,09	4,12
GeoB3603-2	6,73	6,73	229,89	-0,08	4,07
GeoB3603-2	6,78	6,78	231,67	0,08	3,95
GeoB3603-2	6,83	6,83	233,35	-0,19	3,78
GeoB3603-2	6,88	6,88	234,94	-0,13	3,63
GeoB3603-2	6,93	6,93	236,47	-0,06	3,75
GeoB3603-2	6,98	6,98	237,94	0,39	3,35
GeoB3603-2	7,03	7,03	239,37	0,22	3,29
GeoB3603-2	7,08	7,08	240,77	0,48	2,90
GeoB3603-2	7,13	7,13	242,16	0,52	2,81
GeoB3603-2	7,18	7,18	243,54	0,44	2,90
GeoB3603-2	7,23	7,23	244,95	0,03	3,61
GeoB3603-2	7,28	7,28	246,38	0,07	3,80
GeoB3603-2	7,33	7,33	247,86	-0,13	3,95
GeoB3603-2	7,38	7,38	249,39	-0,33	4,21
GeoB3603-2	7,43	7,43	251,00	-0,01	4,27
GeoB3603-2	7,48	7,48	252,69	0,08	4,06
GeoB3603-2	7,53	7,53	254,45	-0,09	4,01
GeoB3603-2	7,58	7,58	256,27	-0,32	3,99
GeoB3603-2	7,63	7,63	258,14	-0,36	4,02
GeoB3603-2	7,68	7,68	260,03	-0,20	3,98
GeoB3603-2	7,73	7,73	261,95	-0,47	4,08
GeoB3603-2	7,78	7,78	263,86	-0,58	4,04
GeoB3603-2	7,83	7,83	265,77	-0,54	4,21
GeoB3603-2	7,88	7,88	267,65	-0,56	4,16
GeoB3603-2	7,93	7,93	269,50	-0,64	4,19
GeoB3603-2	7,98	7,98	271,30	-0,39	4,08
GeoB3603-2	8,03	8,03	273,04	-0,47	4,14
GeoB3603-2	8,08	8,08	274,74	-0,49	4,10
GeoB3603-2	8,13	8,13	276,39	-0,38	4
GeoB3603-2	8,18	8,18	277,99	-0,20	3,91
GeoB3603-2	8,23	8,23	279,54	-0,18	3,97
GeoB3603-2	8,28	8,28	281,04	0,22	3,83
GeoB3603-2	8,33	8,33	282,50	0,28	3,77
GeoB3603-2	8,38	8,38	283,92	0,06	3,65
GeoB3603-2	8,43	8,43	285,29	0,16	3,56
GeoB3603-2	8,48	8,48	286,61	0,14	3,34
GeoB3603-2	8,53	8,53	287,89	0,25	3,32
GeoB3603-2	8,58	8,58	289,13	0,32	3,33
GeoB3603-2	8,63	8,63	290,33	0,32	3,34
GeoB3603-2	8,68	8,68	291,49	0,03	3,30
GeoB3603-2	8,73	8,73	292,60	-0,02	3,35
GeoB3603-2	8,78	8,78	293,68	-0,15	3,70
GeoB3603-2	8,83	8,83	294,72	-0,19	3,80
GeoB3603-2	8,88	8,88	295,72	-0,22	3,86
GeoB3603-2	8,93	8,93	296,68	-0,28	3,92
GeoB3603-2	8,98	8,98	297,61	0	3,71
GeoB3603-2	9,03	9,03	298,50	0,07	3,93
GeoB3603-2	9,08	9,08	299,36	0,18	3,84
GeoB3603-2	9,13	9,13	300,19	0,27	3,79
GeoB3603-2	9,18	9,18	301,02	0,25	3,79
GeoB3603-2	9,23	9,23	301,85	0,58	3,72
GeoB3603-2	9,28	9,28	302,69	0,42	3,62
GeoB3603-2	9,33	9,33	303,55	0,35	3,53
GeoB3603-2	9,38	9,38	304,46	-0,08	3,49
GeoB3603-2	9,43	9,43	305,42	0,04	3,72
GeoB3603-2	9,48	9,48	306,44	0,16	3,58
GeoB3603-2	9,53	9,53	307,53	0,18	3,53
GeoB3603-2	9,58	9,58	308,72	-0,03	3,60
GeoB3603-2	9,63	9,63	310,00	0,35	3,17
GeoB3603-2	9,68	9,68	311,39	0,33	3,17
GeoB3603-2	9,73	9,73	312,88	-0,03	3,18
GeoB3603-2	9,83	9,83	316,08	-0,21	3,15
GeoB3603-2	9,88	9,88	317,76	-0,13	3,32
GeoB3603-2	9,93	9,93	319,47	0,38	2,99
GeoB3603-2	9,98	9,98	321,20	0,32	2,82
GeoB3603-2	10,03	10,03	322,92	0,65	2,67
GeoB3603-2	10,08	10,08	324,63	0,30	2,80
GeoB3603-2	10,13	10,13	326,31	0,57	2,95
GeoB3603-2	10,18	10,18	327,95	0,64	2,62
GeoB3603-2	10,28	10,28	331,00	0,43	2,50
GeoB3603-2	10,43	10,43	334,97	-0,03	2,97
GeoB3603-2	10,48	10,48	336,19	-0,24	4,12
GeoB3603-2	10,53	10,53	337,38	-0,43	3,97
GeoB3603-2	10,58	10,58	338,57	-0,28	4,09
GeoB3603-2	10,63	10,63	339,77	-0,34	4,34
GeoB3603-2	10,68	10,68	341,00	-0,18	4,40
GeoB3603-2	10,72	10,72	342,02	-0,25	4,35
GeoB3603-2	10,73	10,73	342,28	-0,28	4,42
GeoB3603-2	10,83	10,83	344,96	-0,16	4,31
GeoB3603-2	10,88	10,88	346,35	-0,34	4,16
GeoB3603-2	10,93	10,93	347,79	-0,27	4,03
GeoB3603-2	10,98	10,98	349,25	-0,17	3,96
GeoB3603-2	11,03	11,03	350,73	-0,19	3,94
GeoB3603-2	11,08	11,08	352,24	-0,38	3,92
GeoB3603-2	11,13	11,13	353,77	-0,28	4,23
GeoB3603-2	11,18	11,18	355,32	-0,58	4,12
GeoB3603-2	11,23	11,23	356,87	-0,44	4,18
GeoB3603-2	11,28	11,28	358,43	-0,67	4,24
GeoB3603-2	11,33	11,33	360,00	-0,83	4,26
