Core label	depth	compdepth	age	cw13	cw18
GeoB1520-1	0,01	0,01	1,00	0,45	2,46
GeoB1520-1	0,04	0,04	2,22	1,08	2,79
GeoB1520-1	0,07	0,07	3,44	0,45	2,73
GeoB1520-1	0,10	0,10	4,67	0,56	2,66
GeoB1520-1	0,13	0,13	5,89	1,24	2,69
GeoB1520-1	0,16	0,16	7,11	0,48	2,79
GeoB1520-1	0,19	0,19	8,33	0,98	3,07
GeoB1520-1	0,22	0,22	9,56	0,83	3,08
GeoB1520-1	0,25	0,25	10,78	0,76	2,93
GeoB1520-1	0,28	0,28	12,00	0,63	3,21
GeoB1520-1	0,31	0,31	13,35	0,05	3,80
GeoB1520-1	0,34	0,34	14,70	0,13	3,96
GeoB1520-2	0,33	0,38	16,50	0,21	4,36
GeoB1520-2	0,38	0,43	18,13	0,20	4,31
GeoB1520-2	0,43	0,48	19,75	0,24	4,02
GeoB1520-2	0,48	0,53	21,38	-0,12	4,23
GeoB1520-2	0,53	0,58	23,00	0,06	4,22
GeoB1520-2	0,58	0,63	24,63	0,35	4,27
GeoB1520-2	0,63	0,68	26,25	0,21	4,10
GeoB1520-2	0,68	0,73	27,88	0,31	4,19
GeoB1520-2	0,73	0,78	29,50	0,39	4,09
GeoB1520-2	0,78	0,83	31,13	0,64	4,02
GeoB1520-2	0,83	0,88	32,75	0,51	4,00
GeoB1520-2	0,88	0,93	34,38	0,90	3,83
GeoB1520-2	0,93	0,98	36,00	0,33	3,74
GeoB1520-2	0,98	1,03	37,81	0,50	4,00
GeoB1520-2	1,03	1,08	39,63	0,50	3,84
GeoB1520-2	1,08	1,13	41,44	0,15	3,92
GeoB1520-2	1,13	1,18	43,25	0,75	3,82
GeoB1520-2	1,18	1,23	45,06	0,44	3,91
GeoB1520-2	1,23	1,28	46,88	0,61	3,83
GeoB1520-2	1,28	1,33	48,69	0,04	3,76
GeoB1520-2	1,33	1,38	50,50	0,91	3,84
GeoB1520-2	1,38	1,43	52,31	0,32	3,77
GeoB1520-2	1,43	1,48	54,13	0,45	3,87
GeoB1520-2	1,48	1,53	55,94	0,03	3,81
GeoB1520-2	1,53	1,58	57,75	0,12	3,86
GeoB1520-2	1,58	1,63	59,56	-0,48	4,09
GeoB1520-2	1,63	1,68	61,38	-0,09	4,11
GeoB1520-2	1,68	1,73	63,19	0,07	3,95
GeoB1520-2	1,73	1,78	65,00	-0,15	4,11
GeoB1520-2	1,78	1,83	67,20	-0,11	3,75
GeoB1520-2	1,83	1,88	69,40	0,53	3,90
GeoB1520-2	1,88	1,93	71,60	0,47	3,57
GeoB1520-2	1,93	1,98	73,80	0,82	3,54
GeoB1520-2	1,98	2,03	76,00	0,79	3,51
GeoB1520-2	2,03	2,08	78,20	0,98	3,36
GeoB1520-2	2,08	2,13	80,40	0,85	3,31
GeoB1520-2	2,13	2,18	82,60	0,44	3,39
GeoB1520-2	2,18	2,23	84,80	0,64	3,45
GeoB1520-2	2,23	2,28	87,00	0,76	3,52
GeoB1520-2	2,28	2,33	89,00	0,47	3,56
GeoB1520-2	2,33	2,38	91,00	1,09	3,37
GeoB1520-2	2,38	2,43	93,00	1,00	3,19
GeoB1520-2	2,43	2,48	95,00	1,00	3,31
GeoB1520-2	2,48	2,53	97,00	0,76	3,24
GeoB1520-2	2,53	2,58	99,00	0,83	3,32
GeoB1520-2	2,58	2,63	101,00	1,03	3,23
GeoB1520-2	2,63	2,68	103,00	0,70	3,42
GeoB1520-2	2,68	2,73	105,00	0,65	3,43
GeoB1520-2	2,73	2,78	107,00	0,73	3,47
GeoB1520-2	2,78	2,83	108,88	0,49	3,48
GeoB1520-2	2,83	2,88	110,75	0,80	3,37
GeoB1520-2	2,88	2,93	112,63	0,97	3,33
GeoB1520-2	2,93	2,98	114,50	0,96	3,39
GeoB1520-2	2,98	3,03	116,38	0,04	3,31
GeoB1520-2	3,03	3,08	118,25	0,85	3,18
GeoB1520-2	3,08	3,13	120,13	0,77	2,70
GeoB1520-2	3,13	3,18	122,00	1,02	2,62
GeoB1520-2	3,18	3,23	124,17	0,76	2,70
GeoB1520-2	3,23	3,28	126,33	0,11	3,35
GeoB1520-2	3,28	3,33	128,50	0,21	3,38
GeoB1520-2	3,33	3,38	130,67	0,05	3,52
GeoB1520-2	3,38	3,43	132,83	0,17	4,36
GeoB1520-2	3,43	3,48	135,00	0,12	4,39
GeoB1520-2	3,48	3,53	136,80	0,05	4,30
GeoB1520-2	3,53	3,58	138,60	-0,05	4,28
GeoB1520-2	3,58	3,63	140,40	-0,13	4,20
GeoB1520-2	3,63	3,68	142,20	-0,16	4,19
GeoB1520-2	3,68	3,73	144,00	-0,41	4,20
GeoB1520-2	3,73	3,78	145,80	-0,16	4,17
GeoB1520-2	3,78	3,83	147,60	-0,25	4,19
GeoB1520-2	3,83	3,88	149,40	-0,22	4,16
GeoB1520-2	3,88	3,93	151,20	-0,27	4,23
GeoB1520-2	3,93	3,98	153,00	0,00	4,21
GeoB1520-2	3,98	4,03	154,96	-0,17	4,17
GeoB1520-2	4,03	4,08	156,92	-0,14	4,03
GeoB1520-2	4,08	4,13	158,89	-0,06	3,97
GeoB1520-2	4,13	4,18	160,85	-0,22	3,98
GeoB1520-2	4,18	4,23	162,81	0,04	3,75
GeoB1520-2	4,23	4,28	164,77	0,19	3,83
GeoB1520-2	4,28	4,33	166,73	0,11	3,80
GeoB1520-2	4,33	4,38	168,69	0,01	3,85
GeoB1520-2	4,38	4,43	170,65	-0,14	4,00
GeoB1520-2	4,43	4,48	172,62	-0,33	3,90
GeoB1520-2	4,48	4,53	174,58	-0,09	3,95
GeoB1520-2	4,53	4,58	176,54	-0,01	3,91
GeoB1520-2	4,58	4,63	178,50	-0,35	3,82
GeoB1520-2	4,63	4,68	180,46		
GeoB1520-2	4,68	4,73	182,42	0,11	3,68
GeoB1520-2	4,73	4,78	184,39	0,09	3,84
GeoB1520-2	4,78	4,83	186,35	0,57	3,22
GeoB1520-2	4,83	4,88	188,31	0,11	3,49
GeoB1520-2	4,88	4,93	190,27	0,33	3,33
GeoB1520-2	4,93	4,98	192,23	0,35	3,35
GeoB1520-2	4,98	5,03	194,19	0,42	3,23
GeoB1520-2	5,03	5,08	196,15	0,67	3,08
GeoB1520-2	5,08	5,13	198,12	0,48	2,77
GeoB1520-2	5,13	5,18	200,08	0,33	3,16
GeoB1520-2	5,18	5,23	202,04	0,58	3,09
GeoB1520-2	5,23	5,28	204,00	1,06	3,07
GeoB1520-2	5,28	5,33	207,43	1,02	3,07
GeoB1520-2	5,33	5,38	210,86	1,05	2,91
GeoB1520-2	5,38	5,43	214,29	0,52	2,98
GeoB1520-2	5,43	5,48	217,71	0,61	3,03
GeoB1520-2	5,48	5,53	221,14	0,56	2,92
GeoB1520-2	5,53	5,58	224,57	-0,15	3,85
GeoB1520-2	5,58	5,63	228,00	-0,22	3,97
GeoB1520-2	5,63	5,68	229,67	-0,25	3,82
GeoB1520-2	5,68	5,73	231,33	0,37	3,78
GeoB1520-2	5,73	5,78	233,00	0,15	3,82
GeoB1520-2	5,78	5,83	234,67		
GeoB1520-2	5,83	5,88	236,33	0,33	2,97
GeoB1520-2	5,88	5,93	238,00	-0,28	2,78
GeoB1520-2	5,93	5,98	241,00	0,09	2,83
GeoB1520-2	5,98	6,03	244,00	-0,19	3,23
GeoB1520-2	6,03	6,08	247,00	0,25	3,82
GeoB1520-2	6,08	6,13	250,00	0,21	4,05
GeoB1520-2	6,13	6,18	252,33	0,15	4,00
GeoB1520-2	6,18	6,23	254,67	0,43	4,11
GeoB1520-2	6,23	6,28	257,00	0,16	3,92
GeoB1520-2	6,28	6,33	259,33	0,21	3,85
GeoB1520-2	6,33	6,38	261,67	0,04	3,91
GeoB1520-2	6,38	6,43	264,00	-0,39	3,95
GeoB1520-2	6,43	6,48	266,33	-0,47	4,09
GeoB1520-2	6,48	6,53	268,67	-0,42	3,94
GeoB1520-2	6,53	6,58	271,00	-0,31	3,94
GeoB1520-2	6,58	6,63	276,67	0,01	3,84
GeoB1520-2	6,63	6,68	282,33	0,39	3,58
GeoB1520-2	6,68	6,73	288,00	0,91	3,26
GeoB1520-2	6,73	6,78	293,75	-0,02	3,73
GeoB1520-2	6,78	6,83	299,50	0,15	3,75
GeoB1520-2	6,83	6,88	305,25	0,20	3,64
GeoB1520-2	6,88	6,93	311,00	0,94	3,56
GeoB1520-2	6,93	6,98	316,75	0,27	3,52
GeoB1520-2	6,98	7,03	322,50	0,58	3,13
GeoB1520-2	7,03	7,08	328,25	0,76	2,93
GeoB1520-2	7,08	7,13	334,00	0,49	2,88
GeoB1520-2	7,13	7,18	337,75	0,10	3,58
GeoB1520-2	7,18	7,23	341,50	-0,23	4,36
GeoB1520-2	7,23	7,28	349,38	-0,26	4,00
GeoB1520-2	7,28	7,33	357,25	-0,22	4,10
GeoB1520-2	7,33	7,38	365,13	0,09	3,61
GeoB1520-2	7,38	7,43	373,00		
GeoB1520-2	7,43	7,48	380,88	-0,18	3,54
GeoB1520-2	7,48	7,53	388,75	0,60	3,56
GeoB1520-2	7,53	7,58	396,63	0,82	3,33
GeoB1520-2	7,58	7,63	404,50	0,77	2,93
GeoB1520-2	7,63	7,68	412,38	1,22	2,61
GeoB1520-2	7,68	7,73	420,25	0,49	2,90
GeoB1520-2	7,73	7,78	428,13	-0,19	4,10
GeoB1520-2	7,78	7,83	436,00	-0,23	4,60
GeoB1520-2	7,83	7,88	441,14	-0,21	4,39
GeoB1520-2	7,88	7,93	446,29	-0,15	4,01
GeoB1520-2	7,93	7,98	451,43	-0,21	4,06
GeoB1520-2	7,98	8,03	456,57	-0,18	3,98
GeoB1520-2	8,03	8,08	461,71	0,09	3,72
GeoB1520-2	8,08	8,13	466,86	0,07	3,87
GeoB1520-2	8,13	8,18	472,00	0,36	3,87
