Depth (mcd)	Age (ka)	Cw d13C	Cw d18O
0.01	1.04	1.10	2.63
0.06	1.22	0.96	2.73
0.21	1.77	0.77	2.25
0.24	1.87	1.07	2.70
0.26	1.96	0.90	2.72
0.29	2.05	0.75	2.64
0.31	2.12	1.02	2.60
0.36	2.33	1.10	2.45
0.39	2.42	1.22	2.78
0.41	2.51	0.96	2.31
0.46	2.69	0.87	2.47
0.49	2.79	1.05	2.53
0.51	2.86	1.23	2.63
0.61	3.25	0.90	2.39
0.66	3.43	0.88	2.50
0.74	3.71	1.03	2.39
0.76	3.80	0.98	2.40
0.81	3.98	0.87	2.45
0.86	4.17	1.28	2.59
0.96	4.54	1.27	2.52
1.01	4.72	0.86	2.50
1.06	4.90	0.54	2.60
1.16	5.27	0.85	2.56
1.19	5.36	1.24	2.56
1.24	5.55	1.09	2.48
1.26	5.64	1.04	2.52
1.29	5.73	1.16	2.73
1.36	6.01	1.06	2.66
1.41	6.19	1.33	2.45
1.46	6.38	1.22	2.69
1.51	6.56	1.02	2.70
1.56	6.75	1.19	2.69
1.66	7.11	0.77	2.56
1.69	7.21	0.91	2.53
1.71	7.30	0.96	2.53
1.76	7.48	1.04	2.70
1.79	7.57	0.90	2.63
1.86	7.85	1.06	2.60
1.91	8.04	0.76	2.69
1.94	8.13	1.07	2.79
1.96	8.22	0.88	2.69
2.06	8.59	0.57	2.76
2.11	8.77	0.86	2.70
2.16	8.96	1.00	2.78
2.46	10.06	1.01	2.77
2.86	11.53	0.96	2.71
2.96	11.90	0.61	2.90
3.01	12.10	0.94	3.36
3.06	12.35	0.77	3.53
3.16	12.84	0.97	3.26
3.26	13.34	0.77	3.37
3.36	13.84	0.96	3.35
3.46	14.33	0.88	3.53
3.56	14.83	0.59	3.40
3.66	15.32	0.40	3.66
3.76	15.82	0.23	3.19
3.86	16.31	0.35	3.81
3.92	16.61	0.36	3.72
4.02	17.11	0.80	4.63
4.21	18.02	0.85	4.60
4.42	18.74	0.82	4.61
4.62	19.41	0.89	4.50
4.82	20.08	0.82	4.43
5.02	20.75	0.74	4.46
5.32	21.76	0.63	4.50
5.92	23.77	0.99	4.13
6.12	24.99	0.76	4.29
6.32	26.75	0.66	3.91
6.52	28.52	0.93	4.03
6.62	29.40	0.84	4.11
6.82	31.16	1.04	4.03
7.02	32.92	1.08	4.24
7.22	34.69	0.84	4.08
7.42	36.45	0.78	3.98
7.62	38.21	0.59	3.65
7.82	39.97	0.93	4.01
8.02	41.74	1.08	4.10
8.12	42.62	0.80	3.88
8.52	46.14	0.89	3.87
8.92	49.67	0.94	3.80
9.12	51.43	1.10	4.01
9.32	53.19	1.11	3.83
9.52	54.96	0.91	3.88
9.62	55.84	1.10	3.87
9.82	57.60	0.91	3.76
10.02	59.36	0.90	3.75
10.22	61.13	0.51	4.01
10.37	62.45	0.87	3.93
10.57	64.21	0.73	3.73
10.77	65.97	0.30	3.67
10.97	67.74	0.83	4.19
11.17	70.72	1.01	3.74
11.37	73.91	0.88	3.77
11.42	74.29	1.09	3.65
11.47	74.67	0.99	3.44
11.67	76.20	1.16	3.34
11.87	77.72	1.26	3.31
12.07	79.25	1.11	3.26
12.27	82.46	1.17	3.23
12.47	85.66	0.93	3.18
12.67	88.87	1.18	3.90
12.82	91.27	1.15	3.51
12.92	92.86	1.29	3.76
12.97	93.65	1.24	3.66
13.07	95.24	1.21	3.49
13.27	98.41	1.20	3.36
13.37	100.00	1.14	3.28
13.57	102.68	0.98	3.36
13.77	105.36	0.88	3.59
13.97	108.04	0.92	3.54
14.14	110.32	0.95	3.54
14.18	110.79	1.01	3.70
14.29	111.82	0.90	3.58
14.33	112.13	0.76	3.30
14.41	112.85	0.92	3.40
14.44	113.16	1.02	3.39
14.48	113.47	0.91	3.37
14.52	113.83	0.99	3.28
14.59	114.50	1.03	3.40
14.68	115.26	1.03	3.26
14.71	115.53	1.10	3.21
14.72	115.62	0.92	3.18
14.74	115.84	0.74	2.57
14.86	116.87	0.89	2.93
14.89	117.06	0.86	2.96
14.93	117.17	0.66	2.89
15.19	117.97	0.20	2.79
15.41	118.63	1.04	2.65
15.47	118.81	0.86	2.70
15.57	119.11	0.64	2.69
15.61	119.23	0.64	2.71
15.64	119.34	0.73	2.72
15.68	119.45	0.69	2.62
15.72	119.57	0.72	2.51
15.79	119.80	0.45	2.62
15.94	120.25	0.59	2.56
16.09	120.71	0.94	2.65
16.24	121.16	0.82	2.49
16.39	121.62	0.58	2.47
16.68	122.50	0.91	2.54
16.88	123.34	0.88	2.51
16.99	123.85	0.59	2.51
17.14	124.52	0.70	2.44
17.29	125.19	0.18	2.48
17.44	126.81	0.32	2.58
17.59	128.43	0.34	3.49
17.74	129.94	0.56	3.98
17.82	130.31	0.44	3.88
17.90	130.72	0.79	4.31
17.96	131.02	0.93	4.20
18.03	131.36	0.57	4.28
18.10	131.71	0.39	4.54
18.18	132.10	0.64	4.51
18.25	132.45	0.32	4.55
18.32	132.79	-0.08	4.57
18.40	133.18	0.52	4.47
18.47	133.53	0.60	4.34
18.54	133.87	0.27	4.34
18.61	134.22	0.80	4.53
18.67	134.51	0.36	4.68
18.74	134.85	0.19	4.62
18.81	135.22	0.14	4.71
18.88	135.62	0.50	4.58
18.95	136.03	0.52	4.42
19.22	137.59	0.64	4.60
19.46	138.98	0.44	4.61
19.60	139.79	0.84	4.35
19.75	140.66	0.72	4.37
19.88	141.41	0.82	4.46
19.90	141.52	0.47	4.53
20.11	142.74	0.58	4.43
20.31	143.90	0.43	4.28
20.51	145.05	0.70	4.34
20.72	146.27	-0.11	3.84
20.90	147.31	0.10	3.92
21.10	148.47	0.24	3.99
21.25	149.34	0.60	4.20
21.38	150.09	0.53	4.05
21.40	150.21	0.26	4.10
21.50	150.78	0.86	4.25
21.70	151.94	0.79	4.38
21.90	155.00	0.78	4.26
22.10	158.16	0.78	4.08
22.15	158.95	0.71	4.06
22.20	159.74	0.89	3.92
22.40	162.89	0.72	4.05
22.60	166.05	0.66	3.81
22.80	169.21	0.28	3.90
23.00	172.37	0.61	4.14
23.20	175.53	0.37	3.91
23.40	178.68	0.63	4.04
23.60	181.84	0.41	4.29
23.65	182.31	0.60	4.22
23.70	182.70	0.46	4.11
23.90	184.27	0.58	4.20
24.10	185.84	0.52	4.09
24.30	187.40	0.28	3.99
24.50	188.97	0.38	3.43
24.62	189.91	0.26	3.33
24.82	191.48	0.49	3.29
25.02	193.04	1.09	3.16
25.22	194.61	0.71	3.05
25.27	195.00	0.88	2.82
25.32	196.11	0.78	2.94
25.52	200.56	0.82	2.90
25.72	205.00	1.00	3.17
26.32	209.22	0.76	2.94
26.72	212.03	1.05	3.06
26.77	212.38	0.75	2.92
26.82	212.73	0.97	2.96
27.02	214.13	0.57	2.96
27.22	215.54	0.75	2.77
27.42	217.91	0.34	2.93
27.82	222.66	0.00	3.61
28.02	225.03	0.53	4.12
28.22	227.41	0.16	3.71
28.27	227.94	0.75	3.89
28.27	228.00	0.79	3.83
28.32	228.31	0.24	3.81
28.52	229.56	0.39	3.73
28.72	230.81	0.45	3.88
29.02	232.69	0.96	3.56
29.12	233.31	0.92	3.84
29.22	233.94	0.90	3.43
29.32	234.56	0.81	3.00
29.42	235.19	0.81	3.16
29.62	236.44	0.44	3.03
29.72	237.06	0.70	2.98
29.77	237.38	0.85	3.04
29.82	237.69	0.91	2.92
29.92	238.31	0.95	2.81
30.02	238.94	0.89	2.91
30.12	239.56	0.82	2.82
30.22	240.19	0.72	2.73
30.32	240.93	0.90	2.83
30.42	241.67	0.10	2.78
30.52	242.41	0.48	2.67
30.72	243.89	0.01	2.56
30.82	244.63	0.58	3.65
30.92	245.37	0.38	3.74
31.27	247.97	0.24	3.74
31.32	248.34	0.10	4.00
31.42	249.08	0.43	3.69
31.63	250.63	0.97	3.75
31.73	251.37	0.53	4.02
31.83	252.11	0.59	4.00
31.93	252.85	0.59	4.06
32.03	253.60	0.40	4.08
32.13	254.34	0.18	4.17
32.33	255.82	0.45	4.11
32.43	256.56	0.78	4.00
32.53	257.30	0.20	4.07
32.63	258.04	0.81	3.51
33.63	265.45	0.54	4.00
33.73	266.19	0.36	3.97
33.83	266.93	0.36	3.95
33.93	267.67	0.39	3.90
34.03	268.41	0.24	3.87
34.08	268.78	0.38	3.65
34.13	269.15	0.34	3.78
34.33	270.63	0.49	3.93
34.68	273.22	0.45	3.60
35.08	275.69	0.48	4.04
35.48	277.41	0.19	3.96
35.68	278.27	0.24	3.86
35.73	278.48	0.28	3.73
35.78	278.70	-0.01	3.58
35.98	279.55	-0.35	3.80
36.18	280.41	0.36	3.88
36.38	281.27	0.60	3.86
36.58	282.13	0.42	3.78
36.78	282.99	0.91	3.43
36.98	283.85	1.02	3.54
37.18	284.71	0.97	3.38
37.23	284.93	0.79	3.43
37.28	285.14	0.61	3.25
37.48	286.00	0.71	3.33
37.68	288.20	0.94	3.29
37.88	290.40	0.61	3.23
38.08	292.60	0.20	3.58
38.28	294.80	0.47	3.53
38.48	297.00	0.21	4.09
38.68	299.10	0.28	3.92
38.73	299.62	0.51	3.86
38.78	300.15	0.36	3.90
38.98	302.25	0.70	3.84
39.18	304.35	0.31	3.73
39.38	306.45	0.88	3.52
39.58	308.55	0.79	3.52
39.78	310.65	0.68	3.43
39.98	312.75	0.18	3.44
40.18	314.85	0.43	3.29
40.23	315.38	0.73	3.32
40.28	315.90	0.74	3.24
40.48	318.00	0.36	3.48
40.68	318.66	0.92	3.60
40.88	319.32	0.90	3.53
41.08	319.99	0.90	3.45
41.28	320.65	0.78	3.24
41.41	321.08	0.83	3.16
41.61	321.74	0.46	3.05
41.66	321.90	0.77	3.31
41.71	322.07	0.30	3.08
41.91	322.73	0.93	3.21
42.11	323.39	0.26	3.06
42.31	324.06	0.45	2.99
42.51	324.72	0.67	2.84
42.61	325.05	0.93	2.66
42.71	325.38	0.61	2.75
42.81	325.71	0.76	2.54
42.91	326.04	0.69	2.68
43.01	326.37	0.89	2.56
43.11	326.70	0.79	2.63
43.16	326.87	0.83	2.61
43.21	327.09	0.69	2.61
43.31	327.94	0.73	2.63
43.61	330.49	0.58	3.39
43.81	332.19	0.77	4.04
44.11	334.74	0.31	3.25
44.21	335.60	-0.25	3.14
44.31	336.45	-0.49	3.27
44.41	337.30	0.09	4.23
44.51	338.15	0.46	4.45
44.61	339.00	0.19	4.58
44.71	339.49	0.14	4.40
44.81	339.98	0.44	4.42
44.91	340.47	0.52	4.57
45.01	340.95	0.48	4.52
45.04	341.10	0.25	4.54
45.24	342.08	0.46	4.61
45.44	343.06	0.59	4.18
45.64	344.03	0.40	4.30
45.84	345.01	0.66	4.33
45.89	345.26	0.38	4.18
45.94	345.50	-0.04	4.27
46.14	346.48	0.36	4.30
46.34	347.45	0.46	3.88
46.54	348.43	-0.57	4.03
46.74	349.41	-0.05	3.88
46.94	350.39	0.32	4.08
46.99	350.61	0.47	4.05
47.02	350.75	0.66	4.18
47.07	351.00	0.47	4.08
47.12	351.24	0.58	4.09
47.14	351.36	0.63	3.99
47.17	351.49	0.51	3.97
47.19	351.58	0.62	4.12
47.22	351.73	0.50	3.93
47.27	351.98	0.61	4.02
47.35	352.55	0.92	4.13
47.37	352.65	0.71	4.11
47.44	353.16	0.95	3.28
47.47	353.33	0.92	3.93
47.49	353.47	0.48	3.88
47.62	354.36	0.94	4.06
47.64	354.53	0.58	3.87
47.67	354.70	0.80	3.88
47.69	354.84	0.89	4.13
47.72	355.04	0.74	3.83
47.77	355.38	0.86	4.02
47.82	355.73	0.78	3.93
47.84	355.90	0.77	3.62
47.87	356.07	0.90	3.77
47.89	356.21	0.64	3.84
47.92	356.41	1.00	3.83
47.97	356.75	0.76	3.79
48.02	357.09	1.07	3.87
48.04	357.26	1.04	3.76
48.07	357.44	0.62	3.81
48.09	357.57	0.74	3.72
48.12	357.78	0.46	3.70
48.17	358.12	0.48	3.69
48.22	358.46	0.80	4.10
48.24	358.63	1.01	3.90
48.27	358.80	0.96	4.05
48.29	358.94	0.81	4.13
48.32	359.15	0.65	4.06
48.42	359.83	0.97	4.00
48.44	360.00	0.83	3.46
48.47	360.17	0.98	3.96
48.52	360.51	0.81	3.89
48.57	360.85	0.79	3.91
48.62	361.20	0.65	3.38
48.64	361.37	0.64	3.73
48.69	361.68	0.88	3.79
48.72	361.88	0.57	3.82
48.77	362.22	0.78	3.80
48.82	362.56	0.42	3.87
48.87	362.91	0.38	3.79
48.89	363.08	0.61	3.58
49.02	363.93	0.89	3.65
49.14	364.79	1.07	3.62
49.17	364.96	0.61	3.60
49.22	365.30	0.34	3.63
49.32	365.98	0.77	3.55
49.34	366.15	0.87	3.49
49.37	366.32	0.35	3.64
49.42	366.67	0.66	3.51
49.47	367.01	0.83	3.57
49.52	367.35	0.76	3.40
49.54	367.52	0.86	3.44
49.59	367.83	0.64	3.40
49.62	368.08	0.58	3.48
49.67	368.92	0.50	3.37
49.72	369.75	0.84	3.67
49.74	370.17	-0.10	3.57
49.77	370.58	0.74	3.68
49.79	370.92	0.63	3.62
49.82	371.42	0.43	3.75
49.89	372.58	0.61	3.71
49.94	373.42	0.62	3.73
49.99	374.25	0.51	3.68
50.01	374.67	0.25	3.71
50.04	375.08	0.24	3.70
50.06	375.42	0.30	3.60
50.09	375.92	0.50	3.68
50.19	376.78	0.25	3.62
50.21	376.99	-0.06	3.51
50.29	377.61	0.41	3.58
50.34	378.02	0.42	3.55
50.39	378.44	0.50	3.45
50.41	378.64	0.78	3.47
50.44	378.85	0.20	3.43
50.49	379.26	0.35	3.32
50.54	379.68	0.50	3.21
50.59	380.09	0.47	3.30
50.61	380.30	0.13	3.37
50.64	380.50	0.69	3.21
50.66	380.67	0.34	3.21
50.69	380.92	0.38	3.21
50.79	381.74	0.37	3.55
50.81	381.95	-0.19	3.63
50.84	382.16	0.37	3.68
50.86	382.36	-0.11	3.58
50.89	382.57	0.86	3.46
50.91	382.77	0.40	3.25
50.94	382.98	0.78	3.46
50.96	383.15	0.55	3.42
50.99	383.39	0.68	3.19
51.11	384.43	0.51	3.26
51.14	384.63	0.98	3.22
51.16	384.80	1.00	3.21
51.31	386.08	0.58	3.18
51.36	386.45	0.24	3.15
51.39	386.70	0.59	3.22
51.44	387.11	0.92	2.95
51.51	387.73	0.88	3.02
51.56	388.10	0.56	3.08
51.59	388.35	0.63	2.97
51.64	388.76	0.83	3.22
51.69	389.18	0.38	3.15
51.71	389.38	0.90	3.04
51.74	389.59	0.73	2.96
51.76	389.76	0.89	3.06
51.91	391.04	0.89	3.04
51.99	391.66	1.06	2.86
52.11	392.69	1.06	2.85
52.16	393.06	0.69	2.79
52.19	393.31	0.50	2.89
52.31	394.34	1.13	2.79
52.34	394.55	0.87	3.10
52.36	394.75	0.96	2.78
52.39	394.96	0.76	2.67
52.41	395.17	1.10	2.90
52.44	395.37	1.10	2.68
52.54	396.20	0.98	2.69
52.61	396.82	0.86	2.81
52.66	397.19	1.06	2.66
52.74	397.85	1.17	2.64
52.79	398.27	0.47	2.61
52.81	398.47	1.04	2.63
52.84	398.68	1.10	2.37
52.86	398.84	0.96	2.62
52.89	399.09	1.10	2.56
52.99	399.92	1.13	2.62
53.01	400.13	0.88	2.55
53.04	400.33	1.02	2.52
53.06	400.50	1.12	2.71
53.09	400.75	1.09	2.40
53.14	401.16	1.11	2.66
53.19	401.57	1.04	2.59
53.21	401.78	1.24	2.60
53.24	401.98	1.14	2.50
53.26	402.15	0.97	2.64
53.29	402.40	0.99	2.52
53.34	402.81	0.95	2.53
53.39	403.22	1.16	2.56
53.41	403.43	1.04	2.57
53.44	403.64	0.94	2.62
53.46	403.80	1.04	2.63
53.49	404.05	1.19	2.53
53.54	404.46	1.18	2.60
53.61	405.07	1.05	2.64
53.66	405.36	1.16	2.52
53.69	405.56	1.17	2.55
53.79	406.22	1.12	2.74
53.81	406.39	0.88	2.63
53.84	406.55	0.54	2.92
53.86	406.72	1.00	3.06
53.89	406.88	1.10	2.68
53.91	407.05	1.24	2.71
53.94	407.21	0.98	2.80
53.96	407.35	0.80	2.80
53.99	407.54	1.03	2.72
54.04	407.87	0.71	2.64
54.09	408.20	0.70	2.68
54.11	408.37	0.79	2.56
54.14	408.53	1.05	2.72
54.16	408.67	0.77	2.73
54.19	408.86	0.68	2.62
54.24	409.19	1.03	2.63
54.31	409.69	0.92	2.80
54.34	409.86	0.76	2.75
54.36	409.99	0.77	2.82
54.39	410.19	1.08	2.76
54.44	410.52	1.08	2.70
54.49	410.85	0.97	2.59
54.51	411.01	1.09	2.71
54.54	411.18	0.64	2.75
54.56	411.31	0.89	2.71
54.59	411.51	0.84	2.77
54.64	411.84	0.85	2.78
54.66	412.00	0.88	2.70
54.69	412.17	0.84	2.72
54.74	412.50	0.97	2.73
54.76	412.63	1.04	2.79
54.79	412.83	0.67	2.77
54.81	412.99	1.02	2.80
54.84	413.16	0.78	2.75
54.89	413.49	0.90	2.90
54.91	413.65	0.93	2.85
54.96	413.95	0.93	2.96
55.01	414.31	1.12	2.72
55.04	414.48	0.89	2.95
55.09	414.81	0.63	3.03
55.11	414.97	0.72	2.88
55.14	415.14	0.46	2.90
55.16	415.27	0.81	2.93
55.21	415.64	-0.01	2.99
55.29	416.13	0.76	2.85
55.31	416.30	0.20	3.07
55.34	416.46	0.66	3.00
55.36	416.63	0.63	3.12
55.39	416.79	0.54	3.10
55.41	416.96	0.62	3.18
55.46	417.25	0.10	3.15
55.51	417.62	0.29	3.01
55.54	417.78	0.64	3.04
55.59	418.11	0.33	3.02
55.61	418.28	0.48	3.24
55.64	418.44	0.13	3.27
55.66	418.58	0.41	3.26
55.69	418.77	0.67	3.24
55.71	418.94	0.50	3.21
55.74	419.10	0.01	3.28
55.79	419.43	-0.04	3.33
55.81	419.60	0.45	3.22
55.86	419.90	0.37	3.42
55.91	420.26	0.55	3.19
55.94	420.42	0.13	3.41
55.99	420.76	0.14	3.35
56.01	420.92	0.28	3.35
56.04	421.09	0.45	3.31
56.06	421.22	0.23	3.55
56.31	422.90	0.49	3.31
56.39	423.40	0.26	3.35
56.41	423.56	0.24	3.32
56.66	425.18	-0.10	3.52
56.91	426.87	-0.38	3.40
57.40	430.07	-0.29	3.45
57.48	430.60	-0.43	3.53
57.51	430.83	-0.51	3.67
57.55	431.06	-0.57	3.66
57.60	431.39	-0.49	4.09
57.85	433.04	-0.28	4.24
57.90	433.37	-0.10	4.43
57.93	433.57	0.01	4.52
57.96	433.80	0.13	4.58
58.00	434.04	0.16	4.84
58.11	434.93	0.34	4.81
58.15	435.20	0.29	4.73
58.20	435.58	0.22	4.75
58.30	436.36	0.17	4.73
58.38	436.98	0.18	4.77
58.41	437.25	0.33	4.87
58.45	437.52	0.41	4.64
58.53	438.14	0.30	4.60
58.56	438.41	0.38	4.78
58.75	439.84	0.02	4.58
58.79	440.15	0.04	4.50
58.84	440.53	-0.23	4.28
58.86	440.73	-0.24	4.34
59.47	445.40	0.23	4.70
59.52	445.79	0.41	4.71
59.54	445.98	-0.11	4.60
59.57	446.18	0.35	4.64
59.59	446.33	0.36	4.57
59.62	446.56	0.12	4.59
59.74	447.53	0.41	4.49
59.77	447.72	0.60	4.42
59.79	447.88	0.40	4.56
59.82	448.11	0.56	4.47
59.87	448.49	0.53	4.50
59.92	448.88	0.32	4.39
59.94	449.07	0.71	4.42
59.97	449.27	0.54	4.44
59.99	449.46	0.57	4.46
60.02	449.65	0.05	4.39
60.04	449.85	0.22	4.35
60.09	450.19	0.32	4.26
60.12	450.43	0.32	4.33
60.17	450.81	0.45	4.10
60.22	451.20	0.28	4.25
60.24	451.39	0.31	4.11
60.27	451.59	0.36	4.11
60.29	451.74	0.61	4.39
60.32	451.97	0.20	4.43
60.37	452.36	0.48	4.40
60.42	452.75	0.34	4.34
60.44	452.94	0.44	4.13
60.49	453.29	0.09	4.36
60.52	453.52	0.21	4.43
60.62	454.29	-0.36	3.73
60.64	454.49	0.06	4.00
60.69	454.83	0.38	4.18
60.72	455.06	0.58	4.43
60.77	455.45	0.50	4.21
60.82	455.84	0.51	4.30
60.84	456.03	0.27	4.13
60.87	456.22	-0.16	3.98
60.92	456.61	0.57	4.42
61.02	457.38	0.43	4.17
61.04	457.58	0.39	3.87
61.07	457.77	0.00	3.68
61.09	457.93	-0.02	4.01
61.12	458.16	-0.12	4.07
61.17	458.54	0.81	4.34
61.22	458.93	0.26	4.19
61.24	459.12	0.70	4.14
61.27	459.32	0.60	4.14
61.29	459.47	0.54	3.96
61.32	459.70	0.34	4.21
61.42	460.48	0.84	4.14
61.44	460.67	0.03	3.89
61.47	460.86	0.33	4.21
61.49	461.06	0.08	4.16
61.52	461.25	0.35	4.24
61.54	461.44	0.88	4.02
61.59	461.79	0.53	3.94
61.67	462.41	0.48	4.06
61.72	462.80	0.84	3.99
61.74	462.99	0.70	4.20
61.77	463.18	1.00	4.20
61.92	464.34	0.62	4.01
62.02	465.11	0.86	3.86
62.12	465.89	0.64	3.73
62.14	466.08	0.76	3.66
62.17	466.27	0.94	3.71
62.22	466.66	1.11	3.69
62.27	467.05	0.83	3.62
62.32	467.43	0.61	3.72
62.34	467.63	1.11	3.52
62.37	467.82	0.72	3.60
62.39	467.97	0.40	3.53
62.42	468.21	0.73	3.44
62.47	468.59	0.93	3.50
62.54	469.17	0.35	3.51
62.57	469.37	1.03	3.63
62.59	469.52	0.67	3.65
62.62	469.75	-0.22	3.14
62.67	470.14	1.23	3.45
62.74	470.72	0.44	3.46
62.77	470.91	0.42	3.39
62.82	471.30	0.55	3.94
62.92	472.07	1.05	3.90
62.96	472.38	1.05	3.81
63.01	472.77	1.22	3.72
63.03	472.96	1.00	3.70
63.08	473.31	0.36	3.88
63.11	473.54	0.83	3.80
63.21	474.31	0.84	3.79
63.23	474.51	0.64	3.69
63.28	474.85	0.77	3.67
63.31	475.09	0.96	3.64
63.36	475.47	1.02	3.59
63.41	475.86	0.64	3.56
63.43	476.05	0.76	3.58
63.46	476.25	0.24	3.61
63.48	476.40	0.89	3.45
63.51	476.63	0.79	3.50
63.56	477.02	1.36	3.56
63.61	477.41	1.08	3.36
63.63	477.60	1.25	3.48
63.66	477.79	0.36	3.35
63.68	477.95	0.72	3.29
63.71	478.18	0.94	3.37
63.76	478.56	1.48	3.49
63.81	478.95	1.54	3.56
63.83	479.14	1.53	3.26
63.86	479.34	0.59	3.42
63.88	479.49	1.13	3.35
63.91	479.72	1.33	3.45
63.96	480.11	1.17	3.21
64.01	480.50	1.38	3.13
64.03	480.69	1.28	3.15
64.06	480.88	1.16	3.18
64.08	481.14	1.36	3.09
64.11	481.49	1.27	3.19
64.13	481.84	1.39	3.13
64.16	482.18	1.32	3.18
64.21	482.88	1.47	3.16
64.26	483.58	1.45	3.08
64.31	484.27	1.23	3.16
64.33	484.62	0.68	3.10
64.36	484.97	1.10	3.07
64.38	485.25	1.41	3.22
64.41	485.66	1.30	3.25
64.46	486.36	1.18	3.29
64.51	487.06	1.14	3.27
64.53	487.40	1.31	3.24
64.56	487.75	1.18	3.27
64.58	488.03	1.35	3.30
64.61	488.45	1.39	3.26
64.66	489.14	1.38	3.27
64.71	489.84	1.59	3.27
64.73	490.19	1.48	3.32
64.76	490.54	1.25	3.24
64.78	490.81	1.47	3.27
64.81	491.23	1.27	3.27
64.86	491.93	1.40	3.26
64.91	492.62	1.29	3.33
64.93	492.97	1.30	3.27
64.96	493.32	1.44	3.25
65.01	494.02	1.28	3.25
65.06	494.71	1.19	3.27
65.13	495.76	1.41	3.30
65.33	498.54	1.26	3.52
65.53	501.32	0.92	3.91
65.57	501.88	1.12	3.73
65.60	502.41	1.42	3.56
65.62	502.77	1.36	3.74
65.65	503.31	1.14	3.49
65.67	503.66	1.42	3.69
65.70	504.20	1.22	3.74
65.72	504.55	0.95	3.72
65.75	505.09	1.43	3.75
65.77	505.44	1.25	3.34
65.80	505.98	1.03	3.84
65.87	507.23	1.44	3.72
65.90	507.76	1.32	3.61
65.97	509.01	1.28	3.36
66.00	509.54	1.31	3.52
66.02	509.90	1.20	3.47
66.07	510.79	1.13	3.36
66.10	511.33	0.98	3.34
66.12	511.68	1.26	3.46
66.15	512.22	1.37	3.77
66.17	512.57	1.10	3.15
66.22	513.47	1.30	3.37
66.25	514.00	1.05	2.73
66.27	514.25	1.18	3.33
66.37	515.48	0.70	2.70
66.57	517.95	0.73	3.49
66.72	519.81	0.39	3.67
66.75	520.18	0.27	3.52
66.77	520.42	0.22	3.95
66.80	520.79	0.91	4.03
66.82	521.04	0.82	3.88
66.87	521.66	0.99	4.24
66.90	522.03	0.84	4.10
66.95	522.65	1.14	3.21
66.97	522.90	0.67	4.04
67.00	523.27	0.73	4.18
67.10	524.50	0.71	4.21
67.15	525.12	0.95	4.08
67.20	525.74	0.79	4.10
67.25	526.35	0.80	3.89
67.30	526.97	0.71	3.82
67.35	527.59	0.92	4.09
67.40	528.21	0.93	4.44
67.45	528.83	0.84	3.88
67.50	529.44	0.78	3.56
67.55	530.06	0.60	4.09
67.60	530.68	0.50	4.06
67.65	531.30	0.83	3.81
67.70	531.91	0.94	4.23
67.75	532.53	0.83	4.13
67.80	533.15	0.89	4.05
67.85	533.77	0.58	3.94
67.90	534.38	0.76	4.00
67.95	535.00	0.78	4.13
68.05	536.24	0.90	3.80
68.10	536.86	0.57	3.96
68.15	537.47	0.73	4.12
68.20	538.09	1.20	3.49
68.25	538.71	0.28	3.85
68.30	539.33	0.47	4.08
68.35	539.94	0.49	4.03
68.40	540.56	0.17	3.50
68.50	541.80	0.66	3.78
68.55	542.42	0.44	3.85
68.60	543.03	0.51	3.65
68.65	543.65	0.20	3.79
68.70	544.27	0.67	3.76
68.75	544.89	0.44	3.73
68.85	546.12	0.35	3.81
68.88	546.49	0.64	3.85
68.93	547.11	0.93	3.63
68.98	547.73	0.93	3.90
69.03	548.35	0.76	3.65
69.08	548.96	0.77	3.76
69.13	549.58	0.81	3.36
69.18	550.20	0.92	3.55
69.23	550.82	0.55	3.56
69.28	551.43	0.70	3.69
69.32	551.93	0.87	3.56
69.38	552.67	0.43	3.57
69.43	553.29	0.33	3.31
69.48	553.91	1.06	3.78
69.53	554.52	0.68	3.67
69.58	555.14	0.83	3.55
69.68	556.38	0.79	3.43
69.83	558.23	0.51	3.13
69.88	558.85	0.45	3.17
69.93	559.46	0.90	3.38
69.98	560.08	0.70	3.33
70.03	560.70	0.76	3.51
70.08	561.32	0.83	3.56
70.13	561.94	0.99	3.46
70.18	562.55	0.62	3.42
70.23	563.17	0.83	3.43
70.28	563.79	0.55	2.96
70.33	564.41	0.74	2.82
70.38	565.02	0.94	3.30
70.43	565.64	1.01	3.02
70.53	566.88	0.98	2.82
70.58	567.50	1.08	2.92
70.63	568.11	1.04	2.93
70.68	568.73	1.02	3.05
70.73	569.35	0.66	2.82
70.78	569.97	0.84	2.94
70.82	570.46	0.96	2.96
70.88	571.20	0.46	2.99
70.93	571.82	0.72	2.66
70.98	572.44	0.18	2.96
71.03	573.05	0.20	3.28
71.08	573.67	0.10	3.09
71.13	574.29	0.47	3.41
71.18	574.96	0.32	4.07
71.23	575.63	0.63	4.11
71.28	576.30	0.58	4.16
71.33	576.97	0.59	4.01
71.38	577.64	0.40	4.11
71.43	578.31	0.88	3.99
71.48	578.98	0.69	3.87
71.53	579.65	0.97	3.76
71.63	581.00	0.33	3.36
71.68	581.67	0.71	3.57
71.73	582.34	0.52	3.55
71.78	583.01	0.95	3.51
71.85	583.95	0.90	3.41
71.93	585.02	0.65	3.62
71.98	585.69	0.97	3.72
72.18	588.37	0.78	3.73
72.28	589.71	0.73	3.56
72.38	591.05	0.60	3.55
72.43	591.72	0.65	3.37
72.48	592.39	0.54	3.54
72.53	593.07	0.85	3.77
72.58	593.74	0.97	3.80
72.63	594.41	0.91	3.54
72.68	595.08	0.92	3.68
72.73	595.75	1.14	3.50
72.78	596.42	1.01	3.45
72.83	597.09	0.75	3.07
72.88	597.76	0.77	3.39
72.93	598.43	0.75	3.18
72.98	599.10	0.88	3.25
73.03	599.77	0.78	3.32
73.08	600.44	0.62	3.24
73.13	601.11	0.92	3.15
73.18	601.78	0.49	3.56
73.23	602.45	0.96	3.00
73.28	603.12	0.87	2.97
73.33	603.79	0.90	2.89
73.38	604.46	0.87	2.98
73.43	605.14	0.89	2.89
73.48	605.81	0.93	2.90
73.53	606.48	0.88	2.92
73.58	607.15	0.74	2.94
73.63	607.82	0.94	2.98
73.68	608.49	0.98	2.99
73.73	609.16	0.89	3.01
73.78	609.83	0.75	2.96
73.83	610.50	0.67	3.06
73.88	611.17	0.64	3.13
73.93	611.84	0.69	3.09
73.98	612.51	0.00	2.95
74.03	613.18	0.26	3.14
74.18	615.19	0.24	3.43
74.28	616.53	0.36	3.10
74.38	617.88	-0.03	3.45
74.53	619.89	0.15	3.43
74.58	620.56	0.13	3.52
74.63	621.23	0.11	3.60
74.68	621.90	0.27	3.63
74.73	622.57	0.16	3.91
74.78	623.24	0.16	3.95
74.88	624.12	0.35	4.37
74.93	624.56	0.45	4.59
74.98	625.00	0.33	4.61
75.03	625.45	0.09	4.59
75.28	627.65	-0.05	4.55
75.33	628.09	0.20	4.70
75.38	628.53	0.38	4.75
75.48	629.42	0.13	4.63
75.53	629.86	0.52	4.78
75.58	630.30	0.28	4.84
75.63	630.74	0.80	4.37
75.68	631.18	0.17	4.88
75.73	631.62	0.45	4.77
75.78	632.06	0.04	4.48
75.83	632.50	0.24	4.80
75.88	632.94	0.05	4.82
75.93	633.39	0.09	4.75
75.98	633.83	0.32	4.33
76.03	634.27	0.36	4.69
76.08	634.71	0.68	4.51
76.23	636.03	0.29	4.61
76.28	636.47	0.38	4.62
76.33	636.91	0.17	4.76
76.43	637.80	0.42	4.55
76.48	638.24	-0.21	3.95
76.53	638.68	0.48	4.39
76.63	639.56	0.09	4.53
76.68	640.00	-0.44	4.53
76.73	640.44	-0.20	4.48
76.83	641.32	0.01	4.48
76.88	641.77	-0.72	4.49
77.18	644.41	0.17	4.28
77.38	646.18	0.51	4.65
77.48	647.06	0.66	4.29
77.53	647.50	0.43	4.62
77.58	647.94	0.45	4.58
77.63	648.38	0.42	4.80
77.68	648.82	0.23	3.95
77.78	649.71	0.36	4.60
77.88	650.59	-0.17	4.23
77.93	651.03	0.35	4.12
77.98	651.47	0.50	4.41
78.08	652.35	0.33	4.32
78.28	654.12	0.34	4.00
78.38	655.00	0.51	4.43
78.48	655.88	0.49	3.96
78.58	656.76	-0.11	4.51
78.63	657.20	0.19	4.73
78.73	658.09	0.77	4.71
78.78	658.53	0.15	3.96
78.83	658.97	0.58	4.65
78.88	659.41	0.49	4.63
78.93	659.85	0.61	4.58
78.98	660.29	0.38	4.00
79.03	660.73	0.77	4.59
79.08	661.17	0.44	4.60
79.09	661.26	0.45	4.56
79.14	661.70	0.62	4.53
79.19	662.14	0.45	4.36
79.24	662.58	0.52	4.57
79.34	663.47	0.75	4.30
79.39	663.91	0.53	4.36
79.44	664.35	0.57	4.13
79.49	664.79	0.47	3.79
79.54	665.23	0.42	3.93
79.59	665.67	0.10	4.07
79.64	666.11	0.39	4.17
79.69	666.55	0.30	3.84
79.74	667.00	0.37	4.20
79.79	667.44	0.37	4.20
79.84	667.88	0.52	4.19
79.94	668.76	0.50	4.16
79.99	669.20	0.44	4.32
80.04	669.64	0.45	4.08
80.09	670.08	-0.06	4.16
80.14	670.52	0.46	4.19
80.19	670.97	0.12	3.94
80.24	671.41	0.34	4.33
80.29	671.85	0.31	4.21
80.34	672.29	0.13	4.18
80.39	672.73	0.16	3.81
80.44	673.17	0.00	3.90
80.49	673.61	0.24	4.25
80.54	674.05	0.31	4.25
80.59	674.49	0.33	3.83
80.64	674.94	0.20	4.04
80.69	675.38	0.33	3.94
80.74	675.82	0.19	4.05
80.79	676.26	0.01	3.61
80.84	676.70	0.24	3.91
80.89	677.14	0.31	4.26
80.94	677.58	0.25	4.38
80.99	678.02	0.21	4.00
81.04	678.46	0.42	4.21
81.14	679.35	0.46	4.23
81.19	679.79	0.54	3.92
81.29	680.67	0.20	3.81
81.34	681.11	0.18	3.63
81.39	681.55	0.66	4.06
81.44	681.99	0.63	3.97
81.49	682.43	0.42	3.99
81.54	682.87	0.99	3.70
81.59	683.32	0.86	3.75
81.64	683.76	0.69	3.82
81.69	684.20	0.32	3.48
81.74	684.64	0.52	3.83
81.79	685.08	0.68	3.75
81.84	685.52	0.56	3.82
81.89	685.96	0.17	3.27
81.94	686.40	0.20	3.51
81.99	686.84	0.29	3.32
82.09	687.73	0.77	3.25
82.14	688.17	0.60	3.95
82.19	688.61	0.75	3.29
82.24	689.05	0.67	3.64
82.29	689.49	0.77	3.30
82.34	689.93	0.83	3.47
82.39	690.37	1.15	3.41
82.44	690.81	0.90	3.23
82.49	691.26	1.00	2.97
82.54	691.70	1.01	3.22
82.59	692.14	1.00	3.25
82.69	693.02	0.74	2.76
82.89	694.26	0.91	3.05
83.09	695.49	1.02	2.94
83.24	696.42	0.96	3.15
83.29	696.73	0.96	3.29
83.34	697.04	0.89	3.34
83.39	697.35	0.91	3.06
83.44	697.66	0.73	3.34
83.49	697.97	-0.44	2.98
83.54	698.27	0.58	3.39
83.59	698.58	0.84	3.25
83.99	701.06	-0.78	3.36
84.19	702.29	-0.64	3.59
84.24	702.60	0.51	3.51
84.29	702.91	-0.04	3.85
84.34	703.22	0.13	3.90
84.38	704.13	0.48	4.20
84.43	705.26	0.63	4.11
84.48	706.39	0.66	4.22
84.53	707.52	0.47	4.09
84.58	708.65	0.57	4.16
84.63	709.79	0.72	3.93
84.68	710.92	0.96	3.92
84.73	712.05	0.73	3.91
84.78	713.18	0.69	3.76
84.83	714.31	0.71	3.38
84.88	715.45	0.57	3.38
84.93	716.58	0.70	3.78
84.98	717.71	0.34	3.88
85.03	718.84	0.52	3.61
85.08	719.97	0.36	3.78
85.13	721.11	0.54	3.79
85.18	722.24	0.53	3.90
85.23	723.37	0.42	3.52
85.28	724.50	0.51	3.51
85.33	725.63	0.04	3.79
85.43	727.90	-0.15	3.30
85.48	729.03	0.17	3.97
85.53	730.16	-0.11	4.40
85.58	731.29	0.23	4.30
85.63	732.42	0.23	4.25
85.68	733.56	0.33	4.47
85.73	734.69	0.37	4.23
85.78	735.82	0.76	4.14
85.83	736.95	0.68	3.75
85.88	738.08	0.30	4.15
85.93	739.22	0.45	4.05
85.98	740.35	0.63	4.09
86.03	741.48	0.52	3.98
86.08	742.61	0.65	3.97
86.18	744.88	0.64	3.74
86.23	746.01	0.51	3.67
86.33	748.27	-0.05	3.55
86.38	749.40	0.84	3.85
86.43	750.54	0.59	3.64
86.48	751.67	0.68	3.56
86.53	752.80	0.55	3.15
86.58	753.93	0.82	3.23
86.63	755.06	0.98	3.28
86.68	756.20	0.65	3.39
86.73	757.33	0.57	3.25
86.78	758.46	0.85	4.14
86.83	759.20	0.69	3.39
86.88	759.93	0.52	3.92
86.93	760.67	0.72	3.30
86.98	761.41	0.86	3.48
87.03	762.14	0.74	3.29
87.08	762.88	0.67	3.35
87.13	763.62	0.95	3.20
87.18	764.36	0.87	3.34
87.23	765.09	1.07	3.19
87.28	765.83	0.91	3.28
87.33	766.57	0.88	3.10
87.38	767.30	0.85	3.13
87.43	768.04	0.98	2.84
87.48	768.78	0.82	2.96
87.53	769.51	0.93	3.10
87.58	770.25	0.73	3.09
87.63	770.99	1.04	3.16
87.68	771.72	0.70	3.10
87.73	772.46	0.84	3.05
87.78	773.20	0.80	2.76
87.83	773.93	0.73	2.74
87.88	774.67	0.90	2.89
87.93	775.41	0.63	2.99
87.98	776.15	0.68	3.04
88.03	776.88	0.92	2.77
88.08	777.62	0.55	2.94
88.13	778.36	0.45	3.00
88.18	779.09	0.81	3.02
88.23	779.83	0.71	2.67
88.28	780.57	0.59	2.96
88.33	781.30	0.54	2.92
88.38	782.04	0.38	2.86
88.43	782.78	0.57	2.74
88.48	783.51	0.57	2.94
88.53	784.25	0.68	2.93
88.58	784.99	0.64	2.95
88.63	785.72	-0.06	2.77
88.68	786.46	-0.06	3.24
88.73	787.20	0.04	2.93
88.83	788.67	-0.52	3.29
88.88	789.41	-0.40	3.75
88.93	790.15	-0.35	3.46
88.98	790.88	-0.25	3.87
89.03	791.62	0.42	4.42
89.08	792.44	0.29	4.48
89.13	793.26	0.30	4.19
89.18	794.08	0.39	4.45
89.23	794.90	0.42	4.37
89.28	795.72	0.29	4.37
89.33	796.54	0.03	3.95
89.38	797.36	0.49	4.19
89.43	798.18	0.60	4.13
89.48	799.00	0.58	4.00
89.53	799.82	0.56	3.75
89.58	800.64	0.36	3.97
89.63	801.46	0.79	3.89
89.68	802.28	0.92	3.90
89.73	803.10	0.67	3.59
89.78	803.92	0.40	3.89
89.87	805.40	0.84	3.47
89.92	806.22	0.91	3.62
89.97	807.04	0.89	3.53
90.02	807.86	0.91	3.51
90.07	808.68	0.61	3.10
90.12	809.50	0.74	3.46
90.22	811.14	0.75	3.29
90.27	811.96	0.83	3.14
90.32	812.78	0.68	3.23
90.37	813.60	0.80	3.28
90.42	814.42	0.48	3.05
90.47	815.24	0.56	3.02
90.52	816.06	0.17	3.33
90.57	816.88	0.60	3.89
90.62	817.70	0.48	3.86
90.72	819.34	0.84	3.71
90.77	820.16	-0.20	3.50
90.82	820.98	0.63	3.41
90.87	821.80	0.43	3.86
90.92	822.62	0.62	3.38
90.97	823.44	0.39	3.34
91.02	824.26	0.77	3.39
91.07	825.08	0.67	3.47
91.17	826.73	0.01	3.22
91.22	827.55	0.56	3.90
91.37	830.01	0.01	3.38
91.52	832.47	0.91	3.61
91.57	833.29	-0.22	3.29
91.62	834.11	0.94	3.44
91.72	835.75	0.63	3.27
91.82	837.39	0.45	3.26
91.92	839.03	0.60	3.12
91.97	839.85	0.81	2.99
92.27	844.77	-0.37	2.88
92.32	845.59	0.24	2.66
92.42	846.71	0.75	3.14
92.47	847.27	0.54	3.41
92.52	847.83	0.74	3.28
92.57	848.38	0.68	3.18
92.72	850.06	0.44	3.38
92.87	851.74	0.51	2.91
92.91	852.18	0.53	2.85
92.96	852.74	0.60	3.08
93.06	853.86	0.49	3.05
93.11	854.42	0.45	2.99
93.16	854.98	0.46	2.99
93.21	855.54	0.31	3.21
93.26	856.10	0.64	2.96
93.31	856.66	0.50	2.97
93.36	857.21	0.54	2.94
93.41	857.77	0.23	2.89
93.46	858.33	0.16	2.91
93.51	858.89	0.31	2.92
93.56	859.45	0.44	2.83
93.61	860.01	0.34	2.64
93.66	860.57	0.44	2.86
93.71	861.13	0.19	2.89
93.76	861.69	0.36	2.65
93.81	862.24	0.35	2.56
93.86	862.80	0.22	2.56
93.91	863.36	0.51	2.70
93.96	863.92	0.63	2.67
94.01	864.48	0.12	2.42
94.11	866.15	-0.05	3.24
94.21	867.83	-0.29	3.09
94.31	869.50	-0.40	3.69
94.41	871.17	-0.24	3.45
94.61	874.52	-0.10	4.10
94.81	877.86	0.17	3.88
95.11	882.88	0.31	3.74
95.21	884.55	0.40	4.04
95.26	885.39	0.37	4.04
95.31	886.23	0.19	3.82
95.36	887.06	0.11	3.83
95.41	887.90	0.03	3.68
95.46	888.74	-0.10	3.68
95.51	889.57	-0.21	3.53
95.56	890.41	-0.15	3.73
95.61	891.24	-0.15	3.80
95.66	892.08	-0.20	3.83
95.71	892.92	-0.25	3.78
95.76	893.75	-0.19	3.84
95.81	894.59	0.01	3.85
95.86	895.43	0.04	3.90
95.91	896.26	-0.05	3.68
95.96	897.10	0.44	3.99
96.01	897.94	0.14	3.54
96.06	898.77	0.71	3.99
96.11	899.61	0.58	3.73
96.21	901.28	0.41	3.58
96.26	902.12	0.31	3.68
96.31	902.95	0.42	3.42
96.36	903.79	0.40	3.06
96.41	904.63	0.22	3.45
96.46	905.46	-0.03	3.76
96.56	907.14	0.09	3.43
96.61	907.97	-0.26	3.33
96.71	909.64	-0.21	3.42
96.76	910.48	-0.52	3.18
96.81	911.32	-0.46	3.30
96.91	912.99	0.30	4.22
96.96	914.12	0.20	4.17
97.11	917.50	0.34	4.24
97.16	918.62	-0.22	3.95
97.21	919.75	0.10	3.86
97.26	920.87	0.48	3.97
97.31	922.00	0.44	3.66
97.36	923.13	0.01	3.63
97.41	924.25	0.41	3.25
97.46	925.38	0.08	3.42
97.51	926.51	0.13	3.25
97.56	927.63	0.31	3.45
97.61	928.76	-0.43	3.22
97.66	929.89	0.51	3.56
97.71	931.01	0.70	3.41
97.76	932.14	0.69	3.15
97.81	933.26	0.44	3.10
97.91	935.52	0.11	3.33
97.96	936.64	0.85	3.07
98.01	937.77	0.80	3.03
98.06	938.90	0.92	3.15
98.11	940.02	0.84	3.03
98.16	941.15	0.41	3.17
98.21	942.27	0.73	3.12
98.26	943.40	0.56	3.06
98.31	944.53	0.59	2.77
98.36	945.65	0.25	3.01
98.41	946.78	0.54	2.89
98.46	947.91	0.67	2.67
98.51	949.03	0.59	2.66
98.56	950.16	0.89	2.73
98.61	951.29	0.61	2.64
98.66	952.41	0.65	2.71
98.71	953.54	0.66	2.52
98.76	954.66	0.62	2.67
98.81	955.79	0.68	2.65
98.86	956.92	0.46	2.56
98.91	958.04	-0.16	2.51
98.96	959.17	0.01	3.25
99.01	960.17	-0.13	3.38
99.06	961.17	0.31	3.92
99.11	962.17	0.55	3.78
99.16	963.17	0.79	3.94
99.21	964.16	0.64	3.96
99.26	965.16	0.73	3.59
99.31	966.16	0.55	3.67
99.36	967.16	0.32	3.24
99.46	969.16	0.76	3.61
99.51	970.16	0.61	3.39
99.56	971.16	0.52	3.56
99.61	972.15	0.48	3.18
99.66	973.15	0.54	3.31
99.71	974.15	0.44	3.10
99.76	975.15	0.87	3.22
99.81	976.15	0.80	3.03
99.86	977.15	0.32	3.01
99.91	978.15	0.65	3.50
99.96	979.15	0.33	3.33
100.01	980.14	0.45	3.19
100.06	981.14	0.36	3.36
100.11	982.14	0.82	3.78
100.16	983.14	0.95	4.10
100.21	984.68	0.77	3.49
100.26	986.23	0.91	3.71
100.41	990.86	0.90	3.20
100.61	997.03	0.81	3.06
100.81	1003.20	0.64	3.14
