age(ma)	PF-13C	PF-18O	age(Ma)	BF-13C	BF-18O
0.010 	0.659 	-2.029 	0.006 	-0.059 	2.358 
0.014 	0.767 	-0.805 	0.010 	-0.432 	2.841 
0.019 	0.887 	-0.962 	0.014 	-0.519 	4.028 
0.022 	0.833 	-0.988 	0.019 	-0.213 	4.086 
0.028 	0.899 	-1.311 	0.022 	-0.078 	4.170 
0.032 	1.234 	-1.707 	0.028 	-0.185 	3.762 
0.038 	1.103 	-1.632 	0.038 	-0.117 	3.655 
0.042 	1.228 	-1.553 	0.042 	-0.132 	3.544 
0.043 	1.101 	-1.457 	0.043 	-0.495 	3.795 
0.047 	1.296 	-1.495 	0.047 	-0.212 	3.559 
0.049 	0.952 	-1.059 	0.049 	-0.254 	3.520 
0.052 	1.137 	-1.665 	0.052 	-0.125 	3.646 
0.053 	0.976 	-1.703 	0.053 	-0.136 	3.520 
0.055 	0.937 	-1.707 	0.055 	-0.114 	3.514 
0.056 	0.947 	-1.773 	0.056 	0.087 	3.599 
0.058 	0.483 	-1.631 	0.058 	-0.187 	3.519 
0.061 	0.602 	-1.570 	0.061 	-0.518 	3.684 
0.080 	0.843 	-1.170 	0.065 	-0.306 	3.659 
0.087 	1.048 	-1.915 	0.080 	-0.348 	3.013 
0.092 	0.676 	-2.029 	0.087 	-0.041 	3.244 
0.099 	0.649 	-1.557 	0.092 	0.051 	3.185 
0.106 	1.159 	-1.780 	0.099 	-0.163 	3.102 
0.115 	0.527 	-2.317 	0.106 	-0.349 	3.235 
0.122 	0.239 	-1.785 	0.122 	-1.540 	2.768 
0.128 	0.223 	-1.434 	0.128 	-0.633 	3.241 
0.132 	0.168 	-1.040 	0.132 	-0.680 	3.779 
0.135 	0.581 	-0.682 	0.135 	-0.527 	3.932 
0.139 	0.801 	-0.894 	0.139 	-0.838 	3.790 
0.154 	0.767 	-1.612 	0.171 	-0.779 	3.707 
0.171 	0.276 	-1.180 	0.177 	-0.572 	3.760 
0.177 	0.610 	-0.587 	0.183 	-0.435 	3.876 
0.183 	0.611 	-1.303 	0.189 	-0.493 	3.515 
0.189 	0.917 	-1.595 	0.194 	-0.588 	3.340 
0.194 	0.594 	-2.307 	0.245 	-0.798 	3.506 
0.245 	0.804 	-2.104 	0.249 	-1.141 	3.617 
0.249 	0.803 	-2.013 	0.303 	-0.429 	3.285 
0.303 	0.565 	-1.177 	0.319 	0.002 	3.056 
0.319 	0.668 	-2.209 	0.331 	-0.126 	2.946 
0.331 	0.511 	-1.701 	0.341 	-0.582 	3.494 
0.334 	0.352 	-2.053 	0.362 	-0.027 	2.978 
0.338 	0.473 	-1.716 	0.405 	-0.296 	2.546 
0.341 	0.422 	-1.898 	0.414 	-0.545 	3.035 
0.362 	0.827 	-2.036 	0.434 	-1.015 	3.788 
0.405 	0.275 	-1.875 	0.444 	-0.469 	3.677 
0.414 	0.218 	-1.714 	0.456 	-0.576 	3.568 
0.434 	0.425 	-1.170 	0.467 	-1.129 	3.561 
0.444 	0.293 	-0.921 	0.480 	-0.577 	3.629 
0.456 	0.258 	-1.581 	0.502 	-0.546 	3.037 
0.467 	0.391 	-1.940 	0.524 	-0.392 	3.355 
0.480 	0.734 	-1.823 	0.538 	-1.405 	3.788 
0.502 	0.709 	-1.918 	0.541 	-0.234 	3.485 
0.524 	0.739 	-2.088 	0.563 	-1.423 	3.834 
0.538 	0.474 	-2.093 	0.565 	0.031 	3.488 
0.541 	0.709 	-1.418 	0.577 	0.207 	3.097 
0.560 	0.285 	-1.701 	0.587 	-1.326 	3.123 
0.563 	0.567 	-1.576 	0.598 	-0.194 	3.168 
0.587 	0.629 	-2.469 	0.617 	-0.169 	2.715 
0.598 	0.739 	-2.469 	0.618 	-0.468 	2.830 
0.608 	0.553 	-1.869 	0.620 	-0.464 	3.719 
0.618 	0.449 	-2.030 	0.638 	-1.452 	4.306 
0.620 	0.070 	-0.965 	0.649 	-0.873 	3.843 
0.638 	0.400 	-0.591 	0.659 	-1.662 	4.155 
0.649 	0.543 	-1.718 	0.673 	-0.471 	3.540 
0.659 	0.477 	-1.033 	0.690 	-0.260 	3.340 
0.673 	0.451 	-1.342 	0.704 	-0.248 	3.281 
0.678 	0.401 	-1.516 	0.709 	-1.293 	3.293 
0.689 	0.738 	-1.545 	0.709 	-0.420 	3.119 
0.690 	0.981 	-2.460 	0.715 	-0.519 	3.345 
0.704 	-0.145 	-2.560 	0.722 	-0.442 	3.585 
0.709 	0.748 	-1.990 	0.722 	0.055 	2.905 
0.715 	0.512 	-1.438 	0.731 	-0.128 	3.392 
0.722 	0.714 	-1.245 	0.741 	-0.931 	3.236 
0.731 	0.813 	-1.495 	0.748 	-1.843 	3.634 
0.741 	0.373 	-1.872 	0.750 	-0.773 	3.599 
0.748 	0.369 	-1.746 	0.758 	-0.836 	3.024 
0.750 	0.289 	-1.566 	0.760 	-1.019 	3.449 
0.758 	1.023 	-2.001 	0.767 	-0.453 	3.678 
0.760 	0.897 	-1.745 	0.798 	-1.633 	3.655 
0.767 	-0.075 	-1.788 	0.802 	-0.543 	3.480 
0.798 	0.280 	-1.219 	0.837 	-0.356 	2.996 
0.802 	0.456 	-1.116 	0.872 	-1.556 	3.805 
0.814 	0.415 	-1.664 	0.875 	-2.083 	3.601 
0.819 	0.273 	-2.354 	0.877 	-1.225 	3.966 
0.837 	-0.120 	-2.762 	0.884 	-1.052 	3.393 
0.865 	-0.271 	-1.502 	0.888 	-0.736 	3.543 
0.872 	0.528 	-1.302 	0.894 	-0.624 	3.564 
0.875 	0.459 	-1.404 	0.905 	-0.522 	3.190 
0.877 	-0.081 	-1.306 	0.910 	-0.911 	3.226 
0.884 	0.377 	-1.140 	0.918 	-0.836 	3.677 
0.888 	0.376 	-1.180 	0.936 	-0.600 	2.595 
0.894 	0.225 	-1.623 	0.948 	-0.434 	2.510 
0.905 	0.299 	-1.866 	0.965 	-0.605 	3.000 
0.910 	-0.039 	-1.787 	0.974 	-0.374 	2.754 
0.918 	0.154 	-1.760 	0.983 	-1.107 	2.967 
0.948 	0.534 	-2.231 	0.997 	-0.217 	2.917 
0.965 	0.069 	-1.116 	1.008 	-0.081 	3.405 
0.974 	0.498 	-2.158 	1.026 	-0.191 	3.008 
0.983 	0.662 	-2.280 	1.040 	-0.557 	3.598 
0.997 	0.763 	-2.281 	1.053 	-0.309 	3.205 
1.008 	0.778 	-1.882 	1.070 	-0.572 	2.622 
1.026 	0.459 	-2.479 	1.081 	-0.360 	3.260 
1.040 	0.789 	-2.392 	1.087 	-0.385 	3.289 
1.053 	1.104 	-2.187 	1.101 	-0.147 	3.307 
1.070 	-0.138 	-2.092 	1.115 	-1.631 	3.550 
1.081 	0.451 	-2.032 	1.119 	-0.583 	3.474 
1.087 	0.512 	-1.852 	1.126 	-0.433 	3.486 
1.101 	0.789 	-1.712 	1.127 	-0.043 	3.197 
1.115 	0.530 	-2.198 	1.177 	-0.062 	2.946 
1.126 	0.908 	-1.844 	1.199 	-0.355 	3.262 
1.129 	0.359 	-1.482 	1.207 	-0.417 	3.668 
1.177 	0.541 	-2.393 	1.215 	-0.584 	3.499 
1.199 	0.058 	-1.978 	1.242 	-1.148 	2.822 
1.207 	0.588 	-1.923 	1.249 	-0.977 	3.359 
1.215 	0.928 	-1.842 	1.268 	-0.173 	3.296 
1.242 	0.449 	-2.010 	1.276 	-0.238 	2.845 
1.249 	0.475 	-1.197 	1.279 	0.079 	2.877 
1.267 	0.933 	-1.996 	1.286 	-0.795 	3.715 
1.268 	0.154 	-2.104 	1.304 	-0.496 	3.389 
1.276 	0.406 	-2.157 	1.316 	-0.715 	3.058 
1.279 	0.551 	-2.383 	1.322 	-0.541 	3.215 
1.286 	0.354 	-1.599 	1.331 	-0.744 	3.464 
1.304 	-0.313 	-2.619 	1.334 	-0.517 	3.546 
1.316 	0.640 	-2.459 	1.347 	-0.143 	2.948 
1.322 	-0.035 	-2.108 	1.351 	-0.616 	2.809 
1.334 	0.933 	-2.087 	1.376 	-0.524 	3.293 
1.347 	0.801 	-2.283 	1.404 	0.131 	2.881 
1.351 	0.255 	-1.867 	1.422 	-0.235 	3.238 
1.376 	0.082 	-2.041 	1.440 	0.077 	2.790 
1.386 	0.854 	-2.256 	1.445 	-0.494 	2.694 
1.404 	-0.001 	-2.466 	1.460 	-0.417 	3.389 
1.422 	0.095 	-2.306 	1.484 	-0.310 	2.518 
1.435 	0.447 	-2.107 	1.509 	-0.142 	3.545 
1.440 	0.895 	-2.296 	1.516 	0.376 	3.237 
1.440 	0.499 	-2.105 	1.517 	-0.079 	3.311 
1.445 	0.160 	-2.147 	1.524 	-0.332 	3.361 
1.460 	0.145 	-2.316 	1.525 	-0.123 	3.208 
1.469 	0.121 	-2.054 	1.537 	-0.646 	3.490 
1.484 	-0.081 	-2.560 	1.554 	0.165 	2.892 
1.509 	0.518 	-1.648 	1.569 	-0.217 	3.214 
1.516 	0.716 	-2.378 	1.572 	0.079 	3.563 
1.524 	0.435 	-1.782 	1.589 	0.066 	3.150 
1.525 	0.239 	-1.942 	1.611 	0.190 	2.689 
1.537 	0.550 	-1.892 	1.613 	0.102 	2.542 
1.554 	0.194 	-2.246 	1.625 	-0.019 	2.898 
1.589 	0.665 	-2.328 	1.629 	0.001 	2.941 
1.611 	0.764 	-2.244 	1.641 	-0.096 	2.959 
1.613 	0.526 	-2.322 	1.660 	-0.110 	3.557 
1.625 	0.421 	-2.661 	1.682 	-0.099 	3.126 
1.641 	0.125 	-1.792 	1.702 	-0.458 	3.488 
1.660 	0.502 	-1.638 	1.720 	-0.155 	2.767 
1.682 	0.334 	-1.975 	1.722 	-0.258 	2.797 
1.694 	-0.038 	-2.136 	1.746 	-0.390 	2.840 
1.702 	0.121 	-1.364 	1.748 	-0.517 	3.040 
1.720 	-0.147 	-2.090 	1.757 	-0.057 	3.294 
1.750 	-0.075 	-2.104 	1.765 	0.091 	2.719 
1.765 	0.297 	-2.160 	1.777 	-0.441 	2.924 
1.777 	-0.267 	-2.143 	1.795 	-0.285 	3.364 
1.802 	0.427 	-1.184 	1.810 	-0.262 	3.053 
1.815 	-0.014 	-1.975 	1.815 	-0.207 	2.593 
1.832 	0.570 	-1.777 	1.832 	-0.092 	2.879 
1.841 	0.263 	-2.135 	1.841 	-0.561 	3.403 
1.846 	-0.141 	-1.808 	1.855 	-0.274 	2.903 
1.855 	0.562 	-1.924 	1.868 	-0.123 	2.979 
1.868 	0.216 	-2.035 	1.890 	0.110 	2.708 
1.890 	-0.027 	-2.099 	1.916 	-0.563 	3.339 
1.916 	0.424 	-2.245 	1.924 	-0.114 	2.971 
1.954 	0.131 	-2.302 	1.939 	-0.090 	2.499 
1.957 	-0.243 	-2.188 	1.957 	-0.201 	3.146 
1.983 	0.243 	-2.212 	1.982 	0.414 	2.570 
1.999 	0.519 	-2.246 	1.999 	-0.155 	3.181 
2.019 	0.760 	-1.799 	2.027 	-0.116 	2.707 
2.027 	0.686 	-1.931 	2.051 	-0.095 	2.974 
2.051 	0.421 	-2.433 	2.072 	-0.193 	3.315 
2.072 	0.070 	-1.818 	2.086 	-0.443 	3.381 
2.104 	0.163 	-2.353 	2.090 	-0.339 	3.167 
2.141 	0.390 	-2.242 	2.103 	-0.347 	3.040 
2.142 	0.097 	-2.085 	2.104 	-0.115 	2.966 
2.144 	0.322 	-2.214 	2.136 	-0.067 	2.895 
2.146 	-0.371 	-1.800 	2.140 	-0.329 	2.664 
2.152 	0.104 	-1.865 	2.144 	-0.454 	2.774 
2.162 	0.136 	-2.088 	2.146 	-0.408 	2.931 
2.163 	0.436 	-2.249 	2.152 	-0.414 	3.461 
2.164 	0.178 	-2.338 	2.162 	-0.604 	3.629 
2.164 	0.577 	-1.997 	2.163 	-0.394 	3.493 
2.165 	0.133 	-2.136 	2.164 	-0.309 	3.284 
2.175 	0.229 	-2.906 	2.165 	-0.435 	3.102 
2.181 	0.576 	-2.786 	2.166 	-0.286 	3.421 
2.182 	0.815 	-1.580 	2.166 	-0.065 	3.319 
2.186 	0.793 	-1.796 	2.167 	0.005 	3.468 
2.189 	-0.186 	-2.748 	2.173 	-0.139 	3.106 
2.190 	0.122 	-2.695 	2.175 	-0.455 	3.258 
2.193 	0.809 	-2.320 	2.181 	0.022 	2.981 
2.194 	0.796 	-2.023 	2.182 	-0.283 	3.063 
2.195 	0.840 	-2.659 	2.185 	0.008 	3.050 
2.197 	0.039 	-2.857 	2.186 	-0.023 	2.981 
2.198 	0.245 	-2.316 	2.189 	-0.252 	2.798 
2.200 	0.295 	-1.848 	2.190 	0.004 	2.796 
2.202 	0.956 	-1.944 	2.193 	-0.064 	2.846 
2.204 	0.434 	-1.978 	2.194 	-0.008 	2.692 
2.205 	0.511 	-2.258 	2.195 	-0.222 	2.705 
2.216 	-0.122 	-2.938 	2.195 	0.045 	2.732 
2.222 	0.430 	-2.662 	2.197 	-0.277 	2.820 
2.227 	0.189 	-2.530 	2.198 	-0.135 	2.900 
2.232 	0.498 	-1.599 	2.200 	-0.072 	3.059 
2.237 	0.090 	-2.351 	2.202 	-0.271 	3.074 
2.240 	0.276 	-2.216 	2.204 	-0.207 	3.132 
2.242 	0.188 	-2.344 	2.205 	-0.021 	2.987 
2.250 	0.523 	-2.906 	2.206 	-0.452 	3.011 
2.256 	0.288 	-2.353 	2.207 	-0.323 	2.905 
2.262 	0.779 	-2.639 	2.211 	-0.424 	2.675 
2.268 	-0.003 	-3.031 	2.216 	-0.328 	2.899 
2.275 	-0.019 	-1.887 	2.222 	-0.215 	2.836 
2.276 	0.004 	-2.382 	2.227 	-0.321 	2.695 
2.278 	0.239 	-1.949 	2.232 	-0.522 	2.854 
2.280 	0.580 	-2.222 	2.237 	-0.313 	2.852 
2.283 	0.547 	-2.558 	2.240 	-0.154 	3.144 
2.294 	0.464 	-2.298 	2.241 	-0.462 	3.183 
2.296 	0.051 	-2.553 	2.242 	-0.260 	3.265 
2.299 	0.646 	-2.331 	2.246 	-0.070 	3.038 
2.305 	0.365 	-2.343 	2.256 	-0.140 	2.704 
2.311 	0.823 	-2.650 	2.262 	-0.112 	2.364 
2.313 	0.496 	-2.191 	2.275 	-0.272 	2.847 
2.316 	0.588 	-2.316 	2.283 	0.014 	3.149 
2.318 	1.027 	-2.309 	2.294 	-0.186 	2.767 
2.319 	0.433 	-2.024 	2.299 	-0.341 	2.690 
2.320 	0.363 	-2.519 	2.305 	-0.364 	2.727 
2.321 	0.900 	-2.268 	2.310 	-0.401 	2.755 
2.322 	0.762 	-2.064 	2.311 	-0.277 	2.923 
2.330 	0.571 	-2.371 	2.313 	-0.327 	3.052 
2.339 	0.946 	-2.318 	2.316 	-0.311 	3.063 
2.348 	0.651 	-2.556 	2.318 	0.149 	3.104 
2.351 	0.860 	-2.554 	2.318 	-0.063 	2.971 
2.354 	0.994 	-2.220 	2.319 	-0.399 	3.018 
2.357 	0.914 	-2.024 	2.320 	-0.600 	3.064 
2.361 	0.882 	-2.606 	2.321 	-0.337 	3.048 
2.364 	0.848 	-2.477 	2.322 	-0.232 	2.831 
2.368 	0.662 	-2.235 	2.330 	-0.144 	2.676 
2.373 	1.040 	-2.160 	2.331 	0.243 	2.836 
2.385 	1.336 	-2.114 	2.339 	-0.193 	2.701 
2.389 	1.138 	-2.407 	2.348 	-0.197 	2.469 
2.393 	1.187 	-2.302 	2.351 	-0.293 	3.155 
2.396 	1.147 	-2.555 	2.354 	-0.321 	3.091 
2.400 	0.532 	-2.412 	2.357 	-0.225 	2.986 
2.412 	0.779 	-2.398 	2.361 	-0.116 	3.109 
2.416 	1.239 	-1.871 	2.364 	-0.328 	3.178 
2.420 	0.727 	-2.455 	2.368 	-0.063 	3.061 
2.423 	0.580 	-2.083 	2.373 	-0.177 	3.262 
2.427 	0.364 	-3.023 	2.377 	-0.341 	3.350 
2.432 	0.773 	-1.807 	2.381 	-0.094 	3.068 
2.438 	0.380 	-2.209 	2.393 	-0.129 	2.835 
2.440 	0.159 	-2.245 	2.400 	-0.220 	3.033 
2.442 	0.521 	-2.411 	2.412 	-0.422 	3.156 
2.444 	0.551 	-1.721 	2.416 	-0.202 	2.990 
2.447 	0.565 	-1.892 	2.420 	0.027 	2.948 
2.453 	0.731 	-2.317 	2.421 	-0.313 	2.784 
2.456 	0.440 	-1.458 	2.422 	0.134 	2.883 
2.462 	0.586 	-2.091 	2.423 	-0.106 	2.738 
2.465 	0.779 	-2.028 	2.423 	0.168 	2.550 
2.467 	0.616 	-2.297 	2.427 	0.223 	2.558 
2.469 	0.780 	-2.364 	2.429 	-0.072 	2.807 
2.474 	0.508 	-1.893 	2.432 	-0.268 	2.838 
2.477 	0.385 	-1.725 	2.434 	-0.095 	2.792 
2.482 	0.582 	-1.703 	2.438 	-0.319 	2.821 
2.495 	0.981 	-2.048 	2.440 	-0.310 	2.914 
2.499 	0.487 	-2.917 	2.442 	-0.329 	3.235 
2.501 	0.482 	-2.446 	2.444 	-0.151 	3.460 
2.503 	0.131 	-1.927 	2.447 	-0.250 	3.550 
2.504 	0.099 	-2.145 	2.453 	-0.185 	3.360 
2.506 	-0.093 	-2.083 	2.456 	-0.270 	3.428 
2.508 	0.475 	-1.683 	2.459 	-0.634 	3.237 
2.516 	0.590 	-1.914 	2.465 	-0.143 	3.059 
2.526 	0.257 	-2.106 	2.467 	-0.027 	2.772 
2.537 	0.206 	-2.351 	2.469 	-0.189 	2.526 
2.544 	0.774 	-2.284 	2.472 	-0.476 	2.655 
2.546 	1.190 	-2.222 	2.474 	-0.179 	2.489 
2.547 	0.362 	-2.834 	2.477 	-0.267 	2.829 
2.550 	0.914 	-2.145 	2.482 	-0.567 	3.161 
2.552 	0.866 	-2.232 	2.488 	-0.670 	3.521 
2.554 	0.691 	-2.200 	2.492 	-0.216 	3.084 
2.555 	0.079 	-2.091 	2.495 	-0.132 	3.109 
2.557 	1.032 	-2.233 	2.499 	0.073 	3.091 
2.577 	0.587 	-2.508 	2.501 	-0.473 	2.640 
2.585 	0.781 	-2.837 	2.503 	-0.436 	2.907 
2.589 	0.500 	-2.682 	2.508 	-0.043 	2.486 
2.597 	0.627 	-2.236 	2.523 	-0.335 	3.504 
2.612 	0.732 	-2.150 	2.526 	-0.781 	3.359 
2.620 	0.916 	-1.998 	2.529 	-0.578 	3.464 
2.627 	0.719 	-2.658 	2.531 	-0.615 	3.445 
2.634 	0.573 	-3.203 	2.534 	-0.432 	3.029 
2.649 	0.413 	-1.716 	2.537 	-0.217 	3.218 
2.656 	0.935 	-2.284 	2.544 	0.006 	2.546 
2.661 	0.426 	-2.930 	2.552 	-0.488 	3.070 
2.664 	0.865 	-1.601 	2.555 	-0.009 	2.858 
2.667 	0.502 	-2.316 	2.555 	-0.342 	2.867 
2.674 	0.802 	-2.251 	2.557 	-0.101 	2.874 
2.687 	0.767 	-2.094 	2.567 	-0.042 	2.873 
2.699 	0.318 	-2.470 	2.577 	-0.382 	2.647 
2.718 	1.009 	-2.538 	2.593 	-0.508 	2.656 
2.721 	0.742 	-2.259 	2.597 	-0.349 	3.050 
2.728 	0.708 	-1.569 	2.601 	-0.410 	3.038 
2.732 	0.976 	-2.020 	2.605 	0.103 	3.112 
2.734 	0.583 	-2.295 	2.641 	-0.204 	3.015 
2.739 	0.737 	-2.343 	2.649 	-0.248 	2.967 
2.745 	0.868 	-2.311 	2.656 	-0.177 	3.001 
2.751 	1.149 	-2.147 	2.658 	0.093 	2.647 
2.759 	0.696 	-2.125 	2.661 	-0.121 	2.643 
2.763 	0.950 	-2.034 	2.664 	-0.091 	2.598 
2.764 	0.940 	-2.661 	2.667 	-0.090 	2.454 
2.767 	1.028 	-2.580 	2.681 	-0.283 	3.016 
2.771 	1.012 	-2.169 	2.694 	-0.239 	3.059 
2.775 	1.030 	-2.412 	2.699 	-0.138 	2.905 
2.776 	0.806 	-2.266 	2.704 	-0.092 	2.883 
2.779 	0.937 	-2.336 	2.718 	-0.229 	3.100 
2.789 	0.661 	-2.796 	2.721 	-0.668 	3.240 
2.798 	0.657 	-2.441 	2.725 	-0.392 	3.178 
2.808 	0.728 	-2.194 	2.728 	-0.183 	3.130 
2.816 	0.952 	-2.356 	2.732 	-0.335 	3.223 
2.821 	0.509 	-2.687 	2.734 	-0.322 	2.979 
2.826 	1.055 	-2.389 	2.739 	-0.346 	3.249 
2.849 	0.682 	-2.607 	2.741 	-0.115 	2.946 
2.859 	0.741 	-2.009 	2.751 	0.233 	2.615 
2.869 	1.292 	-2.747 	2.752 	-0.175 	3.058 
2.877 	1.244 	-2.463 	2.756 	0.129 	2.774 
2.881 	1.006 	-2.812 	2.760 	0.412 	2.757 
2.885 	1.036 	-2.133 	2.763 	0.040 	2.627 
2.889 	1.075 	-1.851 	2.764 	0.156 	2.483 
2.915 	0.944 	-2.528 	2.767 	0.154 	2.800 
2.917 	0.965 	-2.710 	2.771 	0.337 	2.580 
2.928 	1.126 	-2.492 	2.772 	-1.032 	2.679 
2.931 	0.649 	-2.228 	2.775 	0.154 	2.563 
2.935 	0.919 	-2.183 	2.776 	-0.250 	2.798 
2.939 	0.800 	-2.089 	2.779 	0.213 	2.692 
2.944 	0.801 	-2.668 	2.781 	-0.025 	2.643 
2.948 	0.937 	-2.106 	2.784 	0.279 	2.548 
2.977 	0.993 	-2.622 	2.786 	-0.042 	2.771 
2.982 	0.900 	-2.535 	2.789 	-0.390 	2.391 
2.987 	0.869 	-2.265 	2.798 	-0.019 	2.990 
3.018 	1.153 	-2.195 	2.808 	-0.060 	3.068 
3.029 	0.344 	-2.535 	2.816 	0.031 	3.053 
3.081 	1.022 	-2.414 	2.821 	0.009 	2.956 
3.098 	0.843 	-2.365 	2.831 	0.057 	2.755 
3.109 	1.167 	-2.057 	2.835 	0.181 	2.560 
3.120 	0.295 	-2.359 	2.840 	-0.015 	2.527 
3.130 	0.646 	-2.457 	2.849 	0.433 	2.753 
3.145 	0.558 	-1.796 	2.859 	0.181 	2.860 
3.154 	0.702 	-2.643 	2.864 	0.151 	2.812 
3.162 	1.203 	-2.700 	2.869 	0.328 	2.632 
3.168 	0.719 	-2.529 	2.873 	0.147 	2.574 
3.180 	1.287 	-2.458 	2.877 	0.408 	2.598 
3.193 	1.152 	-2.629 	2.889 	-0.292 	2.954 
3.205 	1.058 	-2.932 	2.894 	0.137 	2.790 
3.230 	0.716 	-2.708 	2.899 	0.062 	2.735 
3.266 	0.859 	-2.774 	2.909 	-0.051 	2.471 
3.293 	1.029 	-2.574 	2.911 	0.180 	2.654 
3.330 	0.869 	-2.733 	2.915 	-0.456 	2.703 
3.378 	0.387 	-2.914 	2.924 	0.135 	2.440 
3.388 	0.660 	-2.062 	2.928 	-0.085 	2.571 
3.397 	1.324 	-2.538 	2.931 	-0.329 	2.742 
3.436 	1.563 	-1.394 	2.935 	-0.355 	3.231 
3.453 	0.966 	-3.149 	2.939 	0.103 	2.614 
3.502 	1.087 	-2.630 	2.944 	-0.156 	2.496 
3.568 	1.206 	-2.787 	2.948 	-0.110 	2.471 
3.585 	0.994 	-2.673 	2.977 	-0.249 	2.925 
3.634 	1.743 	-2.647 	2.982 	0.275 	2.904 
3.674 	0.725 	-2.740 	2.987 	-0.290 	2.772 
3.704 	0.845 	-2.682 	3.014 	-0.846 	3.176 
3.734 	0.400 	-1.877 	3.024 	-0.279 	2.642 
3.744 	0.861 	-2.644 	3.036 	-0.258 	2.516 
3.754 	0.546 	-1.951 	3.058 	-0.946 	2.825 
3.844 	1.159 	-3.145 	3.069 	-0.187 	2.472 
3.861 	1.195 	-2.438 	3.075 	-0.027 	2.291 
3.894 	0.933 	-1.913 	3.081 	0.001 	2.347 
3.911 	0.328 	-1.710 	3.086 	-0.692 	2.605 
3.927 	0.487 	-1.645 	3.091 	-0.506 	2.438 
3.994 	1.110 	-2.803 	3.098 	-0.273 	2.586 
4.008 	0.795 	-2.443 	3.112 	-0.345 	2.406 
4.049 	1.103 	-2.726 	3.120 	-0.636 	2.390 
4.063 	1.346 	-2.246 	3.130 	-0.173 	2.675 
4.077 	1.147 	-2.775 	3.141 	-0.802 	2.999 
4.118 	0.918 	-1.984 	3.145 	-0.306 	2.748 
4.132 	1.357 	-2.627 	3.154 	-0.972 	2.330 
4.146 	1.692 	-2.743 	3.158 	0.042 	2.293 
4.159 	0.731 	-2.813 	3.158 	0.077 	2.338 
4.173 	0.517 	-3.157 	3.162 	0.354 	2.187 
4.187 	0.498 	-2.469 	3.165 	-0.031 	2.438 
4.201 	1.025 	-2.105 	3.168 	0.257 	2.530 
4.227 	1.187 	-3.316 	3.180 	0.268 	2.463 
4.256 	1.111 	-2.569 	3.193 	0.137 	2.444 
4.317 	1.312 	-2.898 	3.205 	-0.211 	2.317 
4.330 	1.365 	-2.403 	3.218 	0.221 	2.450 
4.463 	0.589 	-2.159 	3.229 	-0.240 	2.334 
4.477 	1.088 	-2.912 	3.243 	-0.014 	2.371 
4.490 	1.098 	-3.072 	3.255 	0.114 	2.429 
4.518 	1.084 	-2.737 	3.266 	0.055 	2.598 
4.557 	0.474 	-3.053 	3.280 	-0.201 	2.727 
4.573 	1.190 	-2.693 	3.293 	-0.323 	2.991 
4.614 	0.849 	-1.917 	3.305 	-0.365 	3.047 
4.628 	0.843 	-2.178 	3.313 	-0.509 	2.277 
4.656 	0.995 	-3.298 	3.330 	-0.402 	2.561 
4.670 	1.088 	-3.020 	3.339 	-0.199 	2.704 
4.683 	0.638 	-2.512 	3.349 	-0.547 	2.657 
4.711 	0.606 	-3.003 	3.358 	-0.191 	2.385 
4.738 	1.187 	-2.156 	3.367 	-0.446 	2.615 
4.766 	1.371 	-2.808 	3.378 	-0.550 	2.611 
4.789 	0.928 	-2.805 	3.388 	-0.199 	2.445 
4.794 	0.738 	-2.317 	3.397 	-0.312 	2.319 
4.807 	0.836 	-2.969 	3.417 	-0.278 	2.332 
4.821 	0.791 	-2.157 	3.426 	-0.454 	2.414 
4.833 	0.415 	-2.669 	3.436 	0.328 	2.730 
4.863 	0.936 	-2.071 	3.453 	-0.143 	2.239 
4.885 	0.896 	-2.618 	3.469 	-0.124 	2.314 
4.902 	0.278 	-2.730 	3.502 	0.020 	2.349 
4.919 	1.929 	-3.160 	3.519 	-0.067 	2.199 
4.979 	0.748 	-2.894 	3.552 	-0.217 	2.389 
5.004 	1.739 	-2.950 	3.568 	-0.091 	2.199 
5.013 	1.127 	-3.210 	3.585 	-0.287 	2.458 
5.038 	0.485 	-2.838 	3.601 	0.182 	2.320 
5.056 	1.137 	-3.046 	3.618 	-0.213 	2.072 
5.064 	0.628 	-2.766 	3.634 	-0.652 	2.593 
5.073 	0.449 	-2.802 	3.644 	0.029 	2.218 
5.098 	1.234 	-2.732 	3.654 	-0.339 	2.465 
5.106 	0.538 	-2.723 	3.674 	-0.499 	2.261 
5.115 	0.937 	-2.502 	3.683 	0.070 	2.149 
5.133 	0.943 	-2.887 	3.694 	-0.412 	2.388 
5.210 	1.034 	-2.893 	3.714 	0.232 	2.335 
5.225 	1.415 	-2.332 	3.734 	-0.093 	2.149 
5.235 	1.045 	-2.143 	3.744 	-0.266 	2.299 
5.261 	0.994 	-2.322 	3.754 	-0.297 	2.316 
5.278 	1.089 	-2.083 	3.774 	-0.152 	2.251 
5.286 	0.882 	-3.132 	3.783 	-0.040 	2.176 
5.304 	0.423 	-1.625 	3.794 	-0.158 	2.413 
5.311 	0.392 	-2.257 	3.811 	0.059 	2.284 
5.321 	1.063 	-2.467 	3.827 	-0.050 	2.186 
5.338 	1.434 	-2.196 	3.844 	-0.062 	2.156 
5.346 	0.939 	-2.233 	3.861 	0.044 	2.181 
5.386 	0.847 	-2.242 	3.877 	-0.029 	2.219 
5.405 	1.039 	-2.562 	3.894 	-0.376 	2.060 
5.427 	1.134 	-2.374 	3.911 	-0.375 	2.075 
5.437 	1.076 	-2.589 	3.927 	-0.238 	2.188 
5.457 	0.923 	-2.412 	3.961 	-0.054 	2.024 
5.468 	0.486 	-2.765 	3.977 	-0.014 	2.313 
5.560 	0.072 	-2.313 	3.994 	0.347 	2.543 
5.580 	1.039 	-2.282 	4.008 	-0.028 	2.233 
5.590 	0.983 	-2.642 	4.022 	0.027 	2.318 
5.601 	0.491 	-2.454 	4.035 	-0.080 	2.300 
5.631 	1.380 	-2.782 	4.049 	-0.488 	1.804 
5.652 	1.002 	-2.406 	4.063 	-0.427 	2.283 
5.672 	0.545 	-2.467 	4.077 	-0.166 	2.327 
5.693 	0.566 	-2.564 	4.089 	-0.259 	2.206 
5.703 	1.145 	-2.573 	4.118 	-0.087 	2.084 
5.752 	1.274 	-1.573 	4.132 	-0.991 	1.829 
5.763 	1.512 	-2.693 	4.146 	-0.150 	2.183 
5.769 	1.598 	-2.264 	4.159 	-0.211 	2.302 
5.775 	0.488 	-1.738 	4.173 	-0.207 	2.420 
5.798 	0.611 	-2.047 	4.187 	-0.301 	2.360 
5.834 	0.990 	-2.214 	4.201 	0.166 	2.215 
5.844 	0.811 	-1.909 	4.215 	-0.121 	2.211 
5.854 	0.006 	-2.634 	4.227 	-0.122 	2.043 
5.875 	0.773 	-2.300 	4.242 	-0.215 	2.359 
5.905 	1.210 	-2.017 	4.256 	-0.076 	2.366 
5.916 	1.376 	-1.981 	4.270 	-0.290 	2.065 
5.957 	1.039 	-2.043 	4.284 	-0.138 	1.618 
5.977 	0.835 	-2.188 	4.303 	-0.036 	2.278 
5.997 	1.226 	-2.248 	4.330 	-0.135 	2.200 
			4.435 	-0.263 	2.155 
			4.449 	-0.086 	2.155 
			4.463 	-0.316 	2.151 
			4.477 	-0.425 	1.820 
			4.490 	-0.128 	1.977 
			4.504 	-0.133 	2.145 
			4.518 	-0.150 	2.167 
			4.532 	-0.351 	2.115 
			4.545 	-0.238 	2.333 
			4.557 	0.003 	2.241 
			4.573 	-0.384 	2.164 
			4.601 	-0.121 	2.099 
			4.614 	-0.260 	2.061 
			4.628 	-0.236 	2.133 
			4.642 	-0.287 	1.912 
			4.656 	-0.339 	2.218 
			4.670 	-0.242 	2.130 
			4.683 	-0.222 	1.995 
			4.695 	-0.132 	2.132 
			4.711 	-0.162 	2.150 
			4.725 	-0.300 	2.127 
			4.738 	-0.352 	2.188 
			4.766 	0.089 	2.206 
			4.780 	-0.063 	2.152 
			4.794 	-0.299 	2.217 
			4.807 	-0.082 	2.116 
			4.821 	-0.158 	2.041 
			4.833 	-0.134 	2.102 
			4.849 	-0.146 	2.293 
			4.863 	-0.055 	2.139 
			4.876 	-0.303 	2.607 
			4.885 	-0.192 	1.930 
			4.893 	-0.377 	2.446 
			4.902 	-0.138 	2.010 
			4.910 	-0.270 	2.230 
			4.919 	-0.179 	2.169 
			4.927 	0.087 	1.905 
			4.936 	-0.802 	2.487 
			4.944 	-0.117 	2.352 
			4.953 	-0.093 	2.234 
			4.962 	-0.045 	2.076 
			4.970 	0.035 	2.115 
			4.979 	-0.057 	2.055 
			4.987 	0.043 	2.009 
			4.996 	-0.227 	2.113 
			5.004 	-0.079 	2.193 
			5.013 	0.025 	2.294 
			5.020 	-0.352 	2.071 
			5.030 	-0.209 	2.075 
			5.047 	-0.178 	1.993 
			5.056 	-0.102 	2.319 
			5.064 	-0.040 	2.271 
			5.073 	0.110 	2.023 
			5.090 	0.045 	1.988 
			5.095 	0.207 	2.099 
			5.098 	-0.055 	2.174 
			5.106 	0.057 	2.304 
			5.115 	-0.070 	2.370 
			5.124 	-0.091 	2.191 
			5.133 	0.107 	2.130 
			5.147 	0.069 	1.846 
			5.149 	-0.158 	2.249 
			5.158 	-0.114 	2.234 
			5.167 	-0.384 	2.151 
			5.175 	-0.077 	2.090 
			5.184 	-0.063 	2.299 
			5.192 	-0.066 	2.264 
			5.201 	-0.203 	2.391 
			5.210 	-0.074 	2.216 
			5.218 	-0.016 	2.073 
			5.225 	-0.068 	2.185 
			5.235 	-0.422 	2.072 
			5.244 	-0.412 	1.952 
			5.252 	-0.200 	2.271 
			5.261 	-0.516 	2.332 
			5.269 	0.000 	1.979 
			5.278 	-0.442 	2.046 
			5.286 	-0.322 	1.952 
			5.295 	-0.106 	2.164 
			5.304 	-0.001 	2.041 
			5.311 	-0.176 	1.953 
			5.321 	-0.183 	2.016 
			5.324 	-0.263 	2.287 
			5.338 	-0.227 	2.103 
			5.346 	-0.395 	1.841 
			5.355 	-0.675 	2.521 
			5.365 	0.175 	2.074 
			5.375 	0.093 	1.984 
			5.386 	-0.165 	2.162 
			5.396 	0.063 	2.180 
			5.405 	0.011 	2.108 
			5.416 	0.029 	2.075 
			5.427 	0.299 	1.999 
			5.437 	-0.098 	2.009 
			5.447 	0.131 	2.196 
			5.457 	0.018 	2.140 
			5.468 	-0.094 	2.192 
			5.478 	0.251 	2.173 
			5.488 	0.188 	2.196 
			5.498 	0.173 	2.000 
			5.507 	-0.136 	2.234 
			5.519 	0.256 	2.129 
			5.529 	0.354 	2.022 
			5.539 	0.130 	2.028 
			5.550 	-0.246 	2.172 
			5.560 	-0.167 	1.926 
			5.570 	-0.307 	2.022 
			5.580 	0.079 	2.038 
			5.590 	-0.171 	1.896 
			5.601 	0.004 	2.039 
			5.610 	-0.565 	2.275 
			5.621 	0.006 	2.023 
			5.631 	-0.037 	1.811 
			5.642 	0.367 	2.072 
			5.652 	0.062 	1.937 
			5.662 	0.009 	1.874 
			5.672 	0.209 	1.719 
			5.683 	-0.216 	1.986 
			5.693 	-0.061 	2.170 
			5.703 	-0.758 	1.970 
			5.712 	-0.774 	2.492 
			5.719 	-0.932 	2.137 
			5.724 	0.021 	2.375 
			5.730 	-0.546 	2.335 
			5.746 	-0.171 	2.033 
			5.752 	-0.151 	2.217 
			5.763 	-0.233 	2.208 
			5.769 	0.043 	2.083 
			5.775 	-0.448 	2.155 
			5.781 	-0.448 	2.344 
			5.787 	-0.316 	2.195 
			5.793 	-0.172 	1.977 
			5.798 	-0.240 	1.944 
			5.804 	-0.518 	2.159 
			5.810 	-0.383 	2.061 
			5.816 	-0.246 	1.985 
			5.823 	-0.253 	2.276 
			5.834 	-0.528 	1.910 
			5.844 	-0.263 	1.836 
			5.854 	-0.598 	2.155 
			5.864 	-0.377 	1.900 
			5.883 	-0.798 	2.079 
			5.895 	-0.445 	2.283 
			5.905 	-0.310 	1.958 
			5.916 	-0.002 	2.163 
			5.926 	-0.015 	2.134 
			5.936 	-0.514 	2.284 
			5.946 	-0.110 	2.133 
			5.957 	-0.166 	2.031 
			5.967 	-0.336 	2.318 
			5.977 	-0.375 	2.129 
			5.997 	0.066 	2.082 
					
					
					
					
					
					
					
					
					
					
					
					
					
					
					
					
					
					
					
					
					
					
					
					
					
					
					
					
					
					
					
					
					
					
					
					
					
					
					
					
					
					
					
					
					
					
					
					
					
					
					
					
					
					
					
					
					
					
					
					
					
					
					
					
					
					
					
					
					
					
					
					
					
					
					
					
					
					
					
					
					
					
					
					
					
					
					
					
					
					
					
					
					
					
					
					
					
					
					
					
					
					
					
					
					
					
					
					
					
					
					
					
					
					
					
					
					
					
					
					
					
					
					
					
					
					
					
					
					
					
					
					
					
					
					
					
					
					
					
					
					
					
					
					
					
					
					
					
					
					
					
					
					
					
					
					
					
					
					
					
					
					
					
					
					
					
					
					
					
					
					
					
					
					
					
					
					
					
					
					
					
					
					
					
					
					
					
					
					
					
					
					
					
					
					
					
					
					
					
					
					
					
					
					
					
					
					
					
					
					
					
					
					
					
					
					
					
					
					
					
					
					
					
					
					
					
					
					
					
					
					
					
					
					
					
					
					
					
					
					
					
					
					
					
					
					
					
					
					
					
					
					
					
					
					
					
					
					
					
					
					
					
					
					
					
					
					
					
					
					
					
					
					
					
					
					
					
					
					
					
					
					
					
					
					
					
					
					
					
					
					
					
					
					
					
					
					
					
					
					
					
					
					
					
					
					
					
					
					
					
					
					
					
					
					
					
					
					
					
					
					
					
					
					
					
					
					
					
					
					
					
					
					
					
					
					
					
					
					
					
					
					
					
					
					
					
					
					
					
					
					
					
					
					
					
					
					
					
					
					
					
					
					
					
					
					
					
					
					
					
					
					
					
					
					
					
					
					
					
					
					
					
					
					
					
					
					
					
					
					
					
					
					
					
					
					
					
					
					
					
					
					
					
					
					
					
					
					
					
					
					
					
					
					
					
					
					
					
					
					
					
					
					
					
					
					
					
					
					
					
					
					
					
					
					
					
					
					
					
					
					
					
					
					
					
					
					
					
					
					
					
					
					
					
					
					
					
					
					
					
					
					
					
					
					
					
					
					
					
					
					
					
					
					
					
					
					
					
					
					
					
					
					
					
					
					
					
					
					
					
					
					
					
					
					
					
					
					
					
					
					
					
					
					
					
					
					
					
					
					
					
					
					
					
					
					
					
					
					
					
					
					
					
					
					
					
					
					
					
					
					
					
					
					
					
					
					
					
					
					
					
					
					
					
					
					
					
					
					
					
					
					
					
					
					
					
					
					
					
					
					
					
					
					
					
					
					
					
					
					
					
					
					
					
					
					
					
					
					
					
					
					
					
					
					
					
					
					
					
					
					
					
					
					
					
					
					
					
					
					
					
					
					
					
					
					
					
					
					
					
					
					
					
					
					
					
					
					
					
					
					
					
					
					
					
					
					
					
					
					
					
					
					
					
					
					
					
					
					
					
					
					
					
					
					
					
					
					
					
					
					
					
					
					
					
					
					
					
					
					
					
					
					
					
					
					
					
					
					
					
					
					
					
					
					
					
					
					
					
					
					
					
					
					
					
					
					
					
					
					
					
					
					
					
					
					
					
					
					
					
					
					
					
					
					
					
					
					
					
					
					
					
					
					
					
					
					
					
					
					
					
					
					
					
					
					
					
					
					
					
					
					
					
					
					
					
					
					
					
					
					
					
					
					
					
					
					
					
					
					
					
					
					
					
					
					
					
					
					
					
					
					
					
					
					
					
					
					
					
					
					
					
					
					
					
					
					
					
					
					
					
					
					
					
					
					
					
					
					
					
					
					
					
					
					
					
					
					
					
					
					
					
					
					
					
					
					
					
					
					
					
					
					
					
					
					
					
					
					
					
					
					
					
					
					
					
					
					
					
					
					
					
					
					
					
					
					
					
					
					
					
					
					
					
					
					
					
					
					
					
					
					
					
					
					
					
					
					
					
					
					
					
					
					
					
					
					
					
					
					
					
					
					
					
					
					
					
					
					
					
					
					
					
					
					
					
					
					
					
					
					
					
					
					
					
					
					
					
					
					
					
					
					
					
					
					
					
					
					
					
					
					
					
					
					
					
					
					
					
					
					
					
					
					
					
					
					
					
					
					
					
					
					
					
					
					
					
					
					
					
					
					
					
					
					
					
					
					
					
					
					
					
					
					
					
					
					
					
					
					
					
					
					
					
					
					
					
					
					
					
					
					
					
					
					
					
					
					
					
					
					
					
					
					
					
					
					
					
					
					
					
					
					
					
					
					
					
					
					
					
					
					
					
					
					
					
					
					
					
					
					
					
					
					
					
					
					
					
					
					
					
					
					
					
					
					
					
					
					
					
					
					
					
					
					
					
					
					
					
					
					
					
					
					
					
					
					
					
					
					
					
					
					
					
					
					
					
					
					
					
					
					
					
					
					
					
					
					
					
					
					
					
					
					
					
					
					
					
					
					
					
					
					
					
					
					
					
					
					
					
					
					
					
					
					
					
					
					
					
					
					
					
					
					
					
					
					
					
					
					
					
					
					
					
					
					
					
					
					
					
					
					
					
					
					
					
					
					
					
					
					
					
					
					
					
					
					
					
					
					
					
					
					
					
					
					
					
					
					
					
					
					
					
					
					
					
					
					
					
					
					
					
					
					
					
					
					
					
					
					
					
					
					
					
					
					
					
					
					
					
					
					
					
					
					
					
					
					
					
					
					
					
					
					
					
					
					
					
					
					
					
					
					
					
					
					
					
					
					
					
					
					
					
					
					
					
					
					
					
					
					
					
					
					
					
					
					
					
					
					
					
					
					
					
					
					
					
					
					
					
					
					
					
					
					
					
					
					
