Core label	depth	compdepth	age	cw13	cw18
GeoB4403-2	0,03	0,03	0,00	0,35	2,50
GeoB4403-2	0,06	0,06	0,99	0,64	2,63
GeoB4403-2	0,08	0,08	1,64	0,42	2,63
GeoB4403-2	0,11	0,11	2,63	0,70	2,58
GeoB4403-2	0,13	0,13	3,30	1,10	2,70
GeoB4403-2	0,16	0,16	4,30	0,66	2,68
GeoB4403-2	0,18	0,18	4,98	0,38	2,98
GeoB4403-2	0,21	0,21	6,00	0,54	3,35
GeoB4403-2	0,23	0,23	6,69	0,49	2,97
GeoB4403-2	0,26	0,26	7,73	0,62	2,80
GeoB4403-2	0,28	0,28	8,43	0,04	3,39
GeoB4403-2	0,31	0,31	9,49	0,45	3,48
GeoB4403-2	0,33	0,33	10,19	0,58	3,00
GeoB4403-2	0,51	0,51	16,19	-0,24	3,97
GeoB4403-2	0,53	0,53	16,80	0,04	4,26
GeoB4403-2	0,56	0,56	17,68	0,03	4,01
GeoB4403-2	0,58	0,58	18,25	-0,05	4,13
GeoB4403-2	0,61	0,61	19,07	0,05	3,79
GeoB4403-2	0,63	0,63	19,59	-0,03	4,05
GeoB4403-2	0,66	0,66	20,35	0,04	4,08
GeoB4403-2	0,68	0,68	20,84	-0,13	3,88
GeoB4403-2	0,71	0,71	21,55	-0,29	3,93
GeoB4403-2	0,73	0,73	22,01	-0,11	3,91
GeoB4403-2	0,81	0,81	23,70	-0,20	3,81
GeoB4403-2	0,83	0,83	24,09	0,00	3,97
GeoB4403-2	0,86	0,86	24,66	-0,04	4,03
GeoB4403-2	0,88	0,88	25,02	-0,04	3,84
GeoB4403-2	0,93	0,93	25,88	-0,09	3,95
GeoB4403-2	0,96	0,96	26,37	-0,01	3,86
GeoB4403-2	0,98	0,98	26,68	-0,16	3,93
GeoB4403-2	1,03	1,03	27,43	0,00	4,03
GeoB4403-2	1,06	1,06	27,71	-0,22	3,83
GeoB4403-2	1,08	1,08	28,12	-0,29	3,78
GeoB4403-2	1,11	1,11	28,52	0,02	3,95
GeoB4403-2	1,16	1,16	29,14	0,00	3,70
GeoB4403-2	1,18	1,18	29,38	0,08	3,81
GeoB4403-2	1,23	1,23	29,96	-0,18	3,79
GeoB4403-2	1,26	1,26	30,29	0,12	4,06
GeoB4403-2	1,28	1,28	30,50	0,12	3,77
GeoB4403-2	1,31	1,31	30,82	-0,16	3,75
GeoB4403-2	1,33	1,33	31,02	0,01	3,67
GeoB4403-2	1,36	1,36	31,33	-0,11	3,73
GeoB4403-2	1,38	1,38	31,53	-0,59	3,83
GeoB4403-2	1,41	1,41	31,82	0,25	4,01
GeoB4403-2	1,46	1,46	32,31	0,20	3,63
GeoB4403-2	1,48	1,48	32,50	0,27	3,69
GeoB4403-2	1,51	1,51	32,79	0,08	3,60
GeoB4403-2	1,56	1,56	33,27	0,19	3,66
GeoB4403-2	1,58	1,58	33,47	0,46	3,67
GeoB4403-2	1,61	1,61	33,76	0,00	3,92
GeoB4403-2	1,63	1,63	33,96	0,30	3,52
GeoB4403-2	1,66	1,66	34,27	0,01	3,64
GeoB4403-2	1,68	1,68	34,47	0,01	3,81
GeoB4403-2	1,71	1,71	34,79	0,20	3,49
GeoB4403-2	1,73	1,73	35,00	0,27	3,49
GeoB4403-2	1,83	1,83	36,13	0,01	3,43
GeoB4403-2	1,86	1,86	36,48	0,24	3,75
GeoB4403-2	1,88	1,88	36,73	0,35	3,92
GeoB4403-2	1,91	1,91	37,09	0,21	3,48
GeoB4403-2	1,93	1,93	37,34	0,19	3,85
GeoB4403-2	1,96	1,96	37,72	0,32	3,88
GeoB4403-2	1,98	1,98	37,98	0,21	3,70
GeoB4403-2	2,01	2,01	38,37	0,36	3,75
GeoB4403-2	2,03	2,03	38,63	0,26	3,72
GeoB4403-2	2,06	2,06	39,03	0,26	3,58
GeoB4403-2	2,08	2,08	39,30	0,31	3,54
GeoB4403-2	2,11	2,11	39,71	0,10	3,48
GeoB4403-2	2,13	2,13	39,99	0,36	3,63
GeoB4403-2	2,18	2,18	40,68	0,29	3,37
GeoB4403-2	2,21	2,21	41,11	0,01	3,71
GeoB4403-2	2,23	2,23	41,39	0,15	3,41
GeoB4403-2	2,26	2,26	41,82	-0,08	3,72
GeoB4403-2	2,28	2,28	42,11	0,09	3,42
GeoB4403-2	2,41	2,41	44,00	0,64	3,71
GeoB4403-2	2,43	2,43	44,29	0,24	3,40
GeoB4403-2	2,46	2,46	44,74	0,03	3,16
GeoB4403-2	2,51	2,51	45,47	0,42	3,34
GeoB4403-2	2,68	2,68	47,98	-0,09	3,26
GeoB4403-2	2,88	2,88	50,84	0,09	3,59
GeoB4403-2	2,91	2,91	51,26	-0,45	3,70
GeoB4403-2	2,93	2,93	51,53	0,09	3,70
GeoB4403-2	2,96	2,96	51,94	-0,08	3,37
GeoB4403-2	2,98	2,98	52,21	0,23	3,51
GeoB4403-2	3,01	3,01	52,61	0,16	3,28
GeoB4403-2	3,06	3,06	53,27	0,30	3,40
GeoB4403-2	3,08	3,08	53,53	0,30	3,63
GeoB4403-2	3,16	3,16	54,53	0,58	3,42
GeoB4403-2	3,18	3,18	54,77	0,53	3,24
GeoB4403-2	3,21	3,21	55,13	0,57	3,51
GeoB4403-2	3,23	3,23	55,36	-0,06	3,54
GeoB4403-2	3,26	3,26	55,70	0,48	3,32
GeoB4403-2	3,28	3,28	55,93	0,17	3,38
GeoB4403-2	3,36	3,36	56,79	0,07	3,28
GeoB4403-2	3,38	3,38	56,99	0,15	3,40
GeoB4403-2	3,51	3,51	58,21	0,13	3,48
GeoB4403-2	3,53	3,53	58,38	-0,61	3,64
GeoB4403-2	3,56	3,56	58,62	0,04	3,48
GeoB4403-2	3,58	3,58	58,78	-0,25	3,68
GeoB4403-2	3,61	3,61	59,00	-0,48	3,70
GeoB4403-2	3,63	3,63	59,14	-0,15	3,60
GeoB4403-2	3,66	3,66	59,35	-1,38	3,62
GeoB4403-2	3,68	3,68	59,48	-1,03	3,78
GeoB4403-2	3,71	3,71	59,66	0,02	3,25
GeoB4403-2	3,73	3,73	59,78	-0,30	3,12
GeoB4403-2	3,76	3,76	59,96	-0,09	3,35
GeoB4403-2	4,88	4,88	69,85	0,24	3,26
GeoB4403-2	4,93	4,93	70,67	0,14	2,93
GeoB4403-2	5,03	5,03	72,39	0,51	3,22
GeoB4403-2	5,08	5,08	73,32	-0,48	3,12
GeoB4403-2	5,13	5,13	74,30	0,11	2,80
GeoB4403-2	5,58	5,58	86,50	-0,13	3,21
GeoB4403-2	5,63	5,63	88,35	0,36	3,12
GeoB4403-2	5,68	5,68	90,30	0,29	3,08
GeoB4403-2	5,73	5,73	92,33	0,40	3,23
GeoB4403-2	5,78	5,78	94,41	0,38	3,11
GeoB4403-2	5,83	5,83	96,53	0,59	3,11
GeoB4403-2	5,88	5,88	98,67	0,65	3,13
GeoB4403-2	5,93	5,93	100,81	0,50	2,88
GeoB4403-2	5,98	5,98	102,92	0,46	3,04
GeoB4403-2	6,03	6,03	104,99	0,53	3,12
GeoB4403-2	6,08	6,08	107,00	-0,09	3,21
GeoB4403-2	6,13	6,13	108,93	0,35	3,06
GeoB4403-2	6,28	6,28	114,46	0,28	3,31
GeoB4403-2	6,38	6,38	118,13	0,04	3,16
GeoB4403-2	6,43	6,43	120,03	0,22	2,97
GeoB4403-2	6,48	6,48	122,00	0,54	2,23
GeoB4403-2	6,53	6,53	124,08	0,74	2,30
GeoB4403-2	6,58	6,58	126,33	-0,24	3,48
GeoB4403-2	6,63	6,63	128,85	-0,34	3,77
GeoB4403-2	6,68	6,68	131,71	-0,27	3,94
GeoB4403-2	6,73	6,73	135,00	-0,15	4,03
GeoB4403-2	6,78	6,78	138,76	-0,54	3,47
GeoB4403-2	6,83	6,83	142,81	-0,22	3,78
GeoB4403-2	6,88	6,88	146,96	-0,36	3,62
GeoB4403-2	6,93	6,93	151,00	-0,35	3,88
GeoB4403-2	6,98	6,98	154,75	-0,33	3,60
GeoB4403-2	7,08	7,08	161,44	-0,02	3,77
GeoB4403-2	7,18	7,18	167,29	-0,46	3,32
GeoB4403-2	7,23	7,23	170,00	0,09	3,31
GeoB4403-2	7,28	7,28	172,62	-0,40	3,43
GeoB4403-2	7,33	7,33	175,20	-0,92	3,37
GeoB4403-2	7,43	7,43	180,35	-0,22	3,55
GeoB4403-2	7,48	7,48	183,00	-0,15	3,62
GeoB4403-2	7,53	7,53	185,75	-0,19	3,36
GeoB4403-2	7,58	7,58	188,61	-0,57	2,85
GeoB4403-2	7,63	7,63	191,55	-0,50	2,67
GeoB4403-2	7,68	7,68	194,58	0,09	2,82
GeoB4403-2	7,78	7,78	200,87	0,09	2,89
GeoB4403-2	7,83	7,83	204,11	-0,42	3,01
GeoB4403-2	7,98	7,98	214,15	0,16	3,41
GeoB4403-2	8,13	8,13	224,51	-0,53	3,30
GeoB4403-2	8,18	8,18	228,00	-0,11	3,43
GeoB4403-2	8,23	8,23	231,50	0,16	3,40
GeoB4403-2	8,28	8,28	235,00	0,17	2,79
GeoB4403-2	8,33	8,33	238,50	0,02	2,37
GeoB4403-2	8,38	8,38	242,00	-0,83	2,72
