Comp. Depth	Age	age (kyrs)	b-o18	b-c13	Leg 138 age mod	
162.08	2.727	2727	3.39	0.13	2.6800	
162.21	2.731	2731	3.34	0.25	2.6865	
162.32	2.734	2734	3.67	0.04	2.6920	
162.35	2.734	2734	3.39	0.02	2.6935	
162.51	2.739	2739	3.12	0.63	2.7015	
162.76	2.745	2745	3.47	-0.43	2.7140	
162.89	2.749	2749	3.41	-0.31	2.7205	
163.26	2.758	2758	3.27	0.25	2.7390	
163.45	2.763	2763	3.22	0.73	2.7485	
163.53	2.765	2765	3.19	0.29	2.7525	
163.71	2.773	2773	3.29	0.44	2.7615	
163.82	2.773	2773	3.3	0.56	2.7670	
163.98	2.777	2777	3.11	0.88	2.7750	
164.01	2.778	2778	3.12	0.64	2.7765	
164.28	2.785	2785	3.14	0.52	2.7900	
164.45	2.79	2790	3.04	0.79	2.7985	
164.61	2.794	2794	2.79	0.4	2.8065	
164.77	2.798	2798	2.97	0.54	2.8145	
164.91	2.802	2802	2.95	0.64	2.8215	
165.08	2.806	2806	3.24	1.12	2.8300	
165.28	2.811	2811	3.235	0.685	2.8400	
165.32	2.813	2813	3.14	0.59	2.8420	
165.51	2.818	2818	2.86	0.57	2.8515	
165.64	2.821	2821	2.87	0.71	2.8580	
165.84	2.826	2826	2.82	0.72	2.8680	
165.96	2.829	2829	3.095	0.605	2.8740	
166.11	2.833	2833	3.33	0.75	2.8815	
166.14	2.834	2834	3.185	0.815	2.8830	
166.3	2.838	2838	3.145	0.815	2.8910	
166.41	2.841	2841	3.01	0.8	2.8965	
166.53	2.844	2844	3.025	0.675	2.9025	
166.82	2.852	2852	3	0.27	2.9170	
166.86	2.853	2853	2.98	0.49	2.9190	
167.18	2.862	2862	2.8	0.64	2.9350	
167.37	2.867	2867	2.87	0.89	2.9445	
167.76	2.877	2877	3.13	0.54	2.9640	
167.91	2.881	2881	2.755	0.5	2.9715	
168.03	2.884	2884	3.04	0.6	2.9775	
168.21	2.889	2889	3.2	0.6	2.9865	
168.32	2.892	2892	3.25	0.51	2.9920	
168.43	2.894	2894	3.33	0.45	2.9975	
168.51	2.897	2897	3.29	0.25	3.0015	
168.61	2.899	2899	3.39	0.28	3.0065	
168.78	2.904	2904	3.36	0.01	3.0150	
169	2.909	2909	3.23	-0.15	3.0260	
169.11	2.912	2912	3.17	0.1	3.0315	
169.25	2.916	2916	3	0.2	3.0385	
169.43	2.921	2921	3.08	0.26	3.0475	
169.53	2.925	2925	3.2	0.2	3.0525	
169.71	2.933	2933	3.07	0.41	3.0615	
169.86	2.939	2939	2.96	0.52	3.0690	
170.11	2.949	2949	3.25	0.81	3.0815	
170.26	2.955	2955	2.96	0.72	3.0890	
170.45	2.963	2963	3	0.685	3.0985	
170.75	2.976	2976	3.01	0.59	3.1135	
170.91	2.982	2982	3.02	0.61	3.1215	
170.95	2.984	2984	3.015	0.55	3.1235	
171.05	2.988	2988	3.11	0.41	3.1285	
171.2	2.997	2997	3.255	0.145	3.1388	
171.54	3.02	3020	2.79	0.56	3.1655	
171.71	3.032	3032	3.01	0.81	3.1789	
171.79	3.038	3038	2.735	0.745	3.1851	
171.97	3.05	3050	2.8	0.89	3.1993	
172.14	3.062	3062	2.8	0.84	3.2126	
172.2	3.066	3066	2.82	0.87	3.2173	
172.46	3.083	3083	2.91	0.85	3.2355	
172.54	3.086	3086	2.96	0.8	3.2387	
172.61	3.089	3089	2.73	0.66	3.2416	
172.75	3.095	3095	2.8	0.67	3.2473	
172.91	3.101	3101	2.71	0.85	3.2538	
172.95	3.103	3103	2.79	0.86	3.2555	
173.05	3.107	3107	2.73	0.76	3.2595	
173.35	3.12	3120	2.82	0.79	3.2718	
173.47	3.125	3125	2.84	0.62	3.2767	
173.65	3.132	3132	2.905	0.635	3.2840	
173.7	3.134	3134	2.95	0.645	3.2861	
173.81	3.139	3139	2.91	0.54	3.2906	
174	3.147	3147	3.02	0.75	3.2983	
174.25	3.157	3157	3.22	0.335	3.3085	
174.41	3.164	3164	3.085	0.105	3.3151	
174.45	3.165	3165	3.06	0.23	3.3167	
174.55	3.17	3170	2.995	0.475	3.3208	
174.85	3.182	3182	2.79	0.39	3.3336	
175.46	3.208	3208	2.79	0.66	3.3648	
175.73	3.22	3220	2.77	0.65	3.3786	
176.3	3.244	3244	2.79	0.69	3.4078	
176.64	3.259	3259	2.84	0.61	3.4251	
176.81	3.266	3266	2.57	0.3	3.4338	
176.97	3.273	3273	2.7	0.49	3.4420	
177.15	3.281	3281	2.81	0.41	3.4512	
177.41	3.292	3292	2.92	0.43	3.4645	
177.44	3.293	3293	2.61	0.52	3.4661	
177.55	3.298	3298	2.68	0.67	3.4717	
177.71	3.305	3305	2.54	0.86	3.4799	
177.88	3.312	3312	2.72	0.44	3.4886	
178.14	3.323	3323	2.89	0.73	3.5019	
178.2	3.326	3326	2.84	0.62	3.5050	
178.47	3.337	3337	2.71	0.78	3.5188	
178.61	3.343	3343	2.48	0.69	3.5259	
179.05	3.362	3362	2.74	0.65	3.5485	
179.21	3.369	3369	2.67	0.38	3.5566	
179.24	3.37	3370	2.67	0.49	3.5582	
179.44	3.379	3379	2.73	0.69	3.5684	
179.64	3.387	3387	2.83	0.7	3.5786	
180.11	3.409	3409	2.61	0.79	3.6055	
180.55	3.433	3433	2.69	0.48	3.6354	
180.71	3.441	3441	3.08	0.38	3.6463	
181.17	3.473	3473	2.76	0.31	3.6775	
181.27	3.473	3473	2.63	0.46	3.6843	
181.3	3.478	3478	2.59	0.42	3.6863	
181.38	3.482	3482	2.65	0.49	3.6918	
181.47	3.482	3482	2.66	0.37	3.6979	
181.56	3.487	3487	2.59	0.35	3.7040	
181.66	3.493	3493	2.69	0.18	3.7108	
181.92	3.507	3507	2.61	0.12	3.7284	
182.04	3.513	3513	2.94	0.04	3.7366	
182.2	3.522	3522	2.78	0.22	3.7475	
182.3	3.527	3527	2.84	0.17	3.7542	
182.46	3.536	3536	2.56	0.25	3.7651	
182.58	3.542	3542	2.58	0.02	3.7733	
182.66	3.547	3547	2.56	0.08	3.7787	
182.76	3.552	3552	2.69	0.49	3.7855	
182.86	3.557	3557	2.45	0.3	3.7923	
182.96	3.563	3563	2.6	0.28	3.7991	
183.06	3.568	3568	2.66	0.28	3.8059	
183.16	3.573	3573	2.7	0.21	3.8126	
183.41	3.587	3587	2.59	0.14	3.8296	
183.53	3.593	3593	2.64	0.2	3.8378	
183.7	3.603	3603	2.65	0.38	3.8493	
183.81	3.608	3608	2.94	0.2	3.8568	
184.07	3.622	3622	2.69	0.4	3.8744	
184.16	3.627	3627	2.79	0.27	3.8805	
184.25	3.632	3632	2.58	0.1	3.8867	
184.52	3.647	3647	2.64	0.41	3.9050	
184.66	3.654	3654	2.58	0.27	3.9145	
184.93	3.669	3669	2.6	0.53	3.9328	
184.99	3.672	3672	2.63	0.4	3.9369	
185.17	3.682	3682	2.55	0.53	3.9491	
185.67	3.709	3709	2.61	0.18	3.9831	
185.88	3.72	3720	2.64	0.33	3.9973	
186.05	3.729	3729	2.63	0.3	4.0089	
186.17	3.736	3736	2.63	0.43	4.0170	
