DSDP 658, Data                                                                     DSDP 658, Data

          20d45' N     18d35' W     2263 m                                                   20d45' N     18d35' W     2263 m


          These de Ralph Acht Millionen Jahre Klimageschichte von
                         Nordwest Afrika und Palaeo-Ozeanographie
                         des angrenzenden Atlantiks : Hochaufloesende               Donnees commmuniquees par M. Sarnthein en Juin 1995
                         Zeitreihen von ODP-Sites 658-661.
                                                                                   Sarnthein et al., Paleoceanography, 9, 209-267, 1994

Profondeur        Profondeur            Profondeur            Profondeur
 reconstit  Age    recons                recons             Ci recons             Bdepth (cm)   age       18-O      13-C
 (metres)  (kyr)  (metres  d18    d13   (metres  d18    d13   (metres d18    d13              (cal ky) C. wuell. C. wuell.
      0.12   0.59    0.12   0.86   0.36    0.12   2.76   0.70                            11.5      0.55      2.76      0.70
      0.24   1.19    0.24   0.58   0.38    0.24   2.71   0.80                              24      1.15      2.71      0.80
      0.24   1.19    0.24   0.63   0.40                                                    37      1.78      2.76      0.85
      0.24   1.19    0.24   0.52   0.35                                                    68      3.27      2.68      0.82
      0.24   1.19    0.24   0.58   0.38                                                    83      3.99      2.67      0.79
      0.41   2.03    0.41   0.98   0.61    0.41   2.76   0.85                              96      4.61      2.67      0.86
      0.71   3.51    0.71   0.82   0.46    0.71   2.68   0.82                             104         5      2.67      0.96
      0.72   3.56    0.72   1.09   0.68    0.72   2.69   0.96                             113      5.43      2.66      1.01
      0.83   4.11    0.83   0.99   0.59    0.83   2.67   0.79                             123      5.91      2.68      0.91
      0.96   4.75    0.96   1.06   0.64    0.96   2.67   0.86                             138      6.63      2.68      0.91
      1.04   5.15    1.04   0.96   0.69    1.04   2.67   0.96                             140      6.73      2.69      0.96
      1.13   5.59    1.13   0.98   0.48    1.13   2.66   1.01                             151      7.25      2.71      0.64
      1.23   6.09    1.23   0.93   0.48    1.23   2.68   0.91                             166      7.97      2.77      0.72
      1.38   6.83    1.38   0.96   0.23    1.38   2.68   0.91                             174      8.36      2.85      0.65
      1.38   6.83    1.38   1.14   0.29    1.38   2.81   0.58                             187      8.98      2.90      0.84
      1.51   7.47    1.51   0.97   0.12    1.51   2.71   0.64                             194      9.32      2.81      0.58
      1.63   8.07    1.63   1.16   0.29    1.63   2.54   0.61                             198      9.51      2.86      0.69
      1.66   8.22    1.66   1.37   0.36    1.66   2.77   0.72                             204       9.8      2.54      0.61
      1.74   8.61    1.74   1.25   0.19    1.74   2.85   0.65                             213     10.51      3.30      0.12
      1.87   9.26    1.87   1.53   0.23    1.87   2.90   0.84                             213     10.51      3.29      0.29
      1.98    9.8    1.98   1.33   0.09    1.98   2.86   0.69                             213     10.51      4.05     -0.10
      2.13   10.8    2.13   1.55   0.09    2.13   3.30   0.12                             213     10.51      2.62     -0.04
      2.13   10.8                          2.13   2.62  -0.04                             213     10.51      3.27      0.34
      2.13   10.8                          2.13   3.27   0.34                             213     10.51      3.30      0.12
      2.13   10.8                          2.13   3.29   0.29                             232     12.01      3.37      0.34
      2.13   10.8                          2.13   4.05  -0.10                             237      12.4      3.50      0.57
      2.13   10.8                          2.13   3.30   0.12                             253     13.21      3.33      0.70
      2.32  12.07    2.32   1.77   0.21    2.32   3.37   0.34                             265     13.82      3.27      0.43
      2.37   12.4    2.37   1.74   0.21    2.37   3.50   0.57                             280     14.59      3.17      0.53
      2.52  13.16    2.52   1.53   0.01    2.52   3.33   0.70                             292      15.2      3.48      0.48
      2.65  13.82    2.65   1.66   0.26    2.65   3.27   0.43                             305     15.86      3.58      0.48
       2.8  14.59    2.80   2.19   0.27     2.8   3.17   0.53                             307     15.96      4.10      0.17
      2.92   15.2    2.92   1.49  -0.03    2.92   3.48   0.48                             313     16.27      3.72      0.27
      3.05  15.86    3.05   2.14   0.05    3.05   3.58   0.48                             325     16.88      4.05      0.30
      3.07  15.96    3.07   2.20   0.15    3.07   4.10   0.17                             339     17.59      3.98      0.22
      3.13  16.27    3.13   2.25   0.14    3.13   3.72   0.27                             353      18.3      4.57      0.50
      3.25  16.88    3.25   2.19   0.21    3.25   4.05   0.30                             358     18.52      4.45      0.46
      3.39  17.59    3.39   2.15   0.09    3.39   3.98   0.22                             369     19.01      4.36      0.49
      3.53   18.3    3.53   2.49   0.24    3.53   4.57   0.50                             381     19.53      4.18      0.57
      3.58  18.52    3.58   1.84   0.14    3.58   4.45   0.46                             382     19.58      4.48      0.53
      3.69   19.1    3.69   2.09   0.11    3.69   4.36   0.49                             389     19.89      4.24      0.47
      3.81  19.53    3.81   1.96   0.10    3.81   4.18   0.57                             400     20.37      4.17      0.45
      3.82  19.58    3.82   2.35   0.11    3.82   4.48   0.53                             412      20.9      4.01      0.49
      3.89  19.89    3.89   2.21   0.16    3.89   4.24   0.47                             421      21.3      4.31      0.60
         4  20.37    4.00   2.11   0.27       4   4.17   0.45                             431     21.74      4.09      0.59
      4.12  20.90    4.12   2.23   0.32    4.12   4.01   0.49                             433     21.83      4.28      0.52
      4.21   21.3    4.21   2.14   0.26    4.21   4.31   0.60                             444     22.31      4.06      0.53
      4.31  21.74                          4.31   4.09   0.59                             457     22.88      4.39      0.49
      4.33  21.83    4.33   1.97  -0.29    4.33   4.28   0.52                             463     23.15      4.33      0.52
      4.44  22.31    4.44   1.94   0.30    4.44   4.06   0.53                             471      23.5      3.70      0.42
      4.57  22.88    4.57   2.19   0.10    4.57   4.39   0.49                             483     24.15      4.13      0.69
      4.63  23.15    4.63   2.28   0.18    4.63   4.33   0.52                             501     25.14      4.06      0.61
      4.71  23.50    4.71   1.84   0.24    4.71   3.70   0.42                             521     26.23      4.22      0.35
      4.83  24.16    4.83   1.82   0.34    4.83   4.13   0.69                             527     26.55      4.02      0.57
      5.01  25.10    5.01   1.95   0.22    5.01   4.06   0.61                             532     26.83      4.19      0.57
      5.21  26.23    5.21   2.17   0.24    5.21   4.22   0.35                             537     27.10      3.98      0.52
      5.22  26.28    5.22   1.89   0.47    5.22   4.02   0.57                             561     28.41      4.13      0.41
       5.3  26.72    5.30   1.94   0.31     5.3   3.98   0.52                             581     29.50      3.94      0.47
      5.32  26.83    5.32   2.26   0.16    5.32   4.19   0.57                             607     31.28      4.11      0.58
      5.61  28.41    5.61   2.08   0.43    5.61   4.13   0.41                             613     31.69      3.90      0.52
      5.81  29.50    5.81   1.96   0.45    5.81   3.94   0.47                             682     36.43      3.71      0.30
      6.07  31.28    6.07   2.17   0.33    6.07   4.11   0.58                             733     39.92      3.93      0.69
      6.13  31.69    6.13   1.79   0.43    6.13   3.90   0.52                             757     41.57      3.97      0.50
      6.82  36.30    6.82   1.88   0.45    6.82   3.71   0.30                             763     41.98      4.02      0.48
      7.33  39.92    7.33   2.01   0.40    7.33   3.93   0.69                             832     46.71      3.98      0.46
      7.57  41.57    7.57   1.98   0.26    7.57   3.97   0.50                             883     50.21      3.18      0.16
      7.63  41.98    7.63   1.99   0.27    7.63   4.02   0.48                             910     74.47      3.10      0.73
      8.32  46.71    8.32   1.82   0.10    8.32   3.98   0.46                             960     78.52      3.58      0.47
      8.83  50.21    8.83   1.63   0.50    8.83   3.18   0.16                             969     79.25      2.76     -0.58
                                                                                         1032     84.37      3.47      0.63
       9.1  74.47    9.10   1.13   0.16     9.1   3.10   0.73                            1113     90.95      3.42      0.59
       9.6  78.52    9.60   1.39   0.46     9.6   3.58   0.47
      9.69  79.25    9.69   0.84   0.07    9.69   3.15   0.68
     10.32  84.37   10.32   1.44   0.49   10.32   3.47   0.63
     11.13  90.95   11.13   1.32   0.26   11.13   3.42   0.59
     11.18  91.21   11.18   1.31   0.21   11.18   3.30   0.55
     11.83  94.56   11.83   1.52   0.34   11.83   3.25   0.62
     12.34  97.19   12.34   1.21   0.12   12.34   3.20   0.47
     12.49  97.97   12.49   1.25   0.14   12.49   3.44   0.59
     12.56  98.33   12.56   1.46   0.40   12.56   3.20   0.32
     12.63  98.69   12.63   1.23   0.26   12.63   3.24   0.61
      13.3 102.15   13.30   1.28  -0.01    13.3   3.14   0.15
     13.38 102.56   13.38   1.29   0.21   13.38   3.29   0.12
     13.62 103.80   13.62   0.97  -0.21   13.62   3.04   0.35
     13.99 106.32   13.99   1.29   0.11   13.99   3.32   0.24
     14.13 107.27   14.13   1.21  -0.01   14.13   3.52   0.18
     14.16 107.40   14.16   1.78   0.16   14.16   3.25   0.10
     14.36 108.83   14.36   1.80   0.14   14.36   3.52   0.25
     14.56 110.19   14.56   1.85   0.44   14.56   3.67   0.21
      14.8 111.82   14.80   1.35   0.16    14.8   3.57   0.12
     14.88 112.36   14.88   1.57   0.28   14.88   3.06   0.05
     15.01 113.25   15.01   1.84   0.59   15.01   3.35   0.35
     15.19 114.47   15.19   1.61   0.34   15.19   3.30   0.11
     15.49 116.51   15.49   0.64   0.14   15.49   3.15  -0.02
     15.66 117.67   15.66   1.30   0.13   15.66   3.16   0.14
     16.06 120.39   16.06   0.69   0.13   16.06   2.81   0.45
      16.3 122.02   16.30   0.76  -0.15    16.3   2.65   0.57
     16.38 122.56   16.38   1.17   0.18   16.38   2.62   0.52
     16.51 123.57   16.51   0.96  -0.17   16.51   2.62   0.56
     16.61 124.35   16.61   1.18   0.01   16.61   2.66   0.49
     16.75 125.44   16.75   1.03  -0.14   16.75   2.74   0.41
     16.99 127.31   16.99   0.84  -0.24   16.99   2.91  -0.02
     17.04  127.7   17.04   1.27  -0.15
      17.1 128.17   17.10   1.40  -0.08    17.1   3.42  -0.50
      17.1 128.17                          17.1   3.07   0.14
      17.1 128.17                          17.1   3.77  -0.24
      17.1 128.17                          17.1   3.42  -0.05
     17.18 128.79   17.18   1.24  -0.19   17.18   2.94  -0.30
     17.18 128.79                         17.18   3.02  -0.37
     17.18 128.79                         17.18   2.86  -0.23
     17.18 128.79                         17.18   2.94  -0.30
     17.28 129.57   17.28   1.22  -0.24   17.28   3.12  -0.17
     17.28 129.57                         17.28   3.00  -0.10
     17.28 129.57                         17.28   3.24  -0.25
     17.28 129.57                         17.28   3.12  -0.17
     17.37 130.28   17.37   0.75  -0.69   17.37   3.04  -0.08
     17.37 130.28                         17.37   2.88  -0.07
     17.37 130.28                         17.37   3.19  -0.08
     17.37 130.28                         17.37   3.04  -0.08
     17.45  130.9   17.45   1.59  -0.29   17.45   3.15   0.03
     17.55 131.68   17.55   1.58  -0.48   17.55   3.09  -0.22
     17.64 132.38   17.64   1.78  -0.49   17.64   3.96   0.09
     17.73 133.08   17.73   1.95  -0.43   17.73   3.85   0.10
     17.82  133.8   17.82   1.96  -0.36   17.82   4.47   0.09
     17.87 134.17   17.87   2.05  -0.45   17.87   4.33  -0.08
     18.02 135.34   18.02   2.12  -0.32   18.02   4.44   0.09
     18.21 137.01   18.21   2.30  -0.33   18.21   4.28   0.15
     18.49 139.48   18.49   2.08  -0.57   18.49   4.35   0.18
     18.73 141.59   18.73   2.03  -0.31   18.73   4.14   0.17
     19.01 144.06   19.01   2.04  -0.50   19.01   4.02  -0.12
      19.3 146.61   19.30   2.06  -0.53    19.3   4.09  -0.02
     19.38 147.32   19.38   2.26  -0.23   19.38   3.68  -0.64
     19.61 149.34   19.61   2.53  -0.07   19.61   4.22  -0.06
     19.99 152.75   19.99   2.16  -0.58   19.99   4.05   0.03
     20.58 158.03   20.58   1.90  -0.62   20.58   4.27   0.14
      20.8 160.00   20.80   1.81  -0.39    20.8   4.08   0.11
     20.88 160.72   20.88   1.56  -0.01   20.88   3.94   0.24
     21.13 162.96   21.13   1.52  -0.27   21.13   3.85   0.13
     21.59 167.08   21.59   1.83  -0.43   21.59   3.78   0.11
     22.07 171.38   22.07   1.76  -0.50   22.07   3.89   0.08
     22.55 175.68   22.55   1.63  -0.59   22.55   3.83  -0.18
     22.58 175.95   22.58   2.03  -0.38   22.58   3.80   0.03
     22.79 177.83   22.79   2.08  -0.24   22.79   3.93  -0.09
      23.4 183.30   23.40   1.69  -0.26    23.4   4.00   0.09
     23.99 187.19   23.99   1.65  -0.30   23.99   3.96   0.16
     24.21 188.64   24.21   1.58   0.13   24.21   3.72   0.12
     24.29 189.16   24.29   1.41   0.09   24.29   3.46   0.44
      24.9 193.18   24.90   1.39  -0.26    24.9   3.23   0.08
     25.49 198.56   25.49   1.81   0.26   25.49   3.27   0.19
     25.71 200.57   25.71   1.55   0.01   25.71   3.39   0.00
     25.79  201.3   25.79   1.39   0.07   25.79   3.32   0.12
      26.4 204.54   26.40   1.06  -0.08    26.4   2.85   0.30
     26.99 207.90   26.99   1.67  -0.02   26.99   3.30   0.26
     27.21 209.20   27.21   1.31   0.01   27.21   3.14   0.14
     27.29 209.66   27.29   1.40   0.10   27.29   3.10   0.27
      27.9 213.17   27.90   1.28   0.37    27.9   3.10   0.34
     28.49 216.57   28.49   1.43   0.06   28.49   2.87   0.30
     28.71 217.83                         28.71   2.70   0.26
     28.79 218.29   28.79   1.56  -0.03   28.79   3.06   0.09
     28.88 218.81   28.88   1.36  -0.03   28.88   3.00   0.17
      29.4 221.81   29.40   1.82  -0.49    29.4   3.64  -0.20
     29.99 225.20                         29.99   4.05   0.01
     30.21 226.49   30.21   1.85  -0.18   30.21   3.48  -0.08
     30.29 226.96   30.29   1.88  -0.22   30.29   3.45   0.01
     31.52 234.19   31.52   2.14  -0.15   31.52   3.43  -0.16
     32.08 237.49   32.08   1.19   0.10   32.08   3.02   0.20
     32.29 238.72   32.29   1.23  -0.03   32.29   2.83  -0.08
     32.38 239.25   32.38   1.08  -0.13   32.38   2.80   0.15
     32.53 240.13   32.53   1.31  -0.06   32.53   2.81   0.17
     32.71 241.19   32.71   1.54  -0.23   32.71   2.74  -0.12
     32.99 242.52   32.99   0.89  -0.35   32.99   3.36  -0.02
     32.99 242.52                         32.99   3.56   0.15
     32.99 242.52                         32.99   3.17  -0.18
     32.99 242.52                         32.99   3.36  -0.02
      33.1 243.05   33.10   1.61  -0.13    33.1   2.99  -0.10
     33.28 243.91   33.28   1.51  -0.14   33.28   3.46  -0.07
     33.42 244.57   33.42   1.70  -0.18   33.42   3.08  -0.14
     33.58 245.33   33.58   1.27  -0.39   33.58   2.65  -0.41
      33.7 245.91   33.70   1.66  -0.22    33.7   3.15   0.01
     33.79 246.33   33.79   1.63  -0.41   33.79   2.85  -0.20
     33.79 246.33                         33.79   2.84  -0.11
     33.79 246.33                         33.79   2.86  -0.29
     33.79 246.33                         33.79   2.85  -0.20
     33.88 246.76   33.88   1.62  -0.29   33.88   3.36  -0.11
     33.93    247   33.93   1.85  -0.23   33.93   3.71   0.01
     33.98 247.36   33.98   1.70  -0.21   33.98   3.63  -0.08
     34.04  247.8   34.04   1.84  -0.37   34.04   3.67  -0.08
     34.19 248.89   34.19   2.20  -0.15   34.19   3.80  -0.05
     34.33 249.91   34.33   1.88  -0.23   34.33   3.48  -0.23
     34.37  250.2   34.37   2.14  -0.21   34.37   3.86   0.14
     34.49 251.07   34.49   1.88  -0.52   34.49   3.70  -0.11
     34.61 251.95   34.61   2.17  -0.43   34.61   3.90  -0.03
     34.71 252.67   34.71   2.11  -0.40   34.71   3.85   0.07
     34.81  253.4   34.81   1.95  -0.32   34.81   4.17   0.35
     34.93    254   34.93   1.66  -0.03   34.93   4.08   0.25
     35.08 254.74   35.08   1.61  -0.55   35.08   3.99   0.11
     35.19 255.29   35.19   1.97  -0.50   35.19   3.93   0.16
     35.38 256.23   35.38   2.10  -0.26   35.38   4.07   0.28
     35.61 257.37   35.61   1.97  -0.33
     35.99 259.26   35.99   1.83  -0.44   35.99   3.99   0.22
     36.19 260.25   36.19   1.71  -0.26   36.19   3.93   0.18
     36.36  261.1   36.36   2.00  -0.93   36.36   3.99   0.13
     36.58 262.19   36.58   1.89  -0.41   36.58   3.59  -0.10
     36.79 263.23   36.79   2.02  -0.33   36.79   3.83  -0.04
     36.88 263.68   36.88   1.76  -0.70   36.88   3.77  -0.14
     37.21 265.32   37.21   2.35  -0.31   37.21   3.86  -0.33
     37.49 266.71   37.49   2.68  -0.17   37.49   4.05  -0.35
     37.81 268.66   37.81   2.70   0.12   37.81   4.07  -0.22
     38.08 270.61   38.08   2.18  -0.02   38.08   3.88  -0.29
     38.21 271.55   38.21   2.56   0.29   38.21   3.82  -0.33
     38.38 272.78   38.38   2.22   0.20   38.38   3.62  -0.35
     38.99  277.2                         38.99   3.87   0.29
     39.57  281.4   39.57   1.57   0.28   39.57   3.66   0.51
     39.79 282.99   39.79   1.85   0.40   39.79   3.73   0.47
     39.88 283.64   39.88   1.62   0.51   39.88   3.53   0.33
     40.51  288.2   40.51   1.36   0.29   40.51   3.25   0.48
     40.63 288.81   40.63   1.47   0.27   40.63   3.26   0.35
      40.8 289.68   40.80   1.34   0.25    40.8   3.34   0.36
     40.84 289.89   40.84   1.73   0.21   40.84   3.36   0.38
     41.52 293.37   41.52   1.88   0.45   41.52   3.86   0.30
     41.58 293.68   41.58   1.74   0.31   41.58   3.74   0.31
     41.88 295.21   41.88   2.10   0.20   41.88   3.76  -0.02
     42.49 298.33   42.49   2.04   0.51   42.49   3.65   0.43
     43.08 301.35   43.08   1.86   0.29   43.08   3.35   0.08
     43.27 302.32   43.27   2.13   0.50
     43.34 302.68   43.34   2.03   0.55   43.34   3.50  -0.28
     43.39  302.9   43.39   2.12   0.43
     44.53 308.77   44.53   1.60   0.36   44.53   3.24   0.26
        44    310   44.00   1.17   0.02      44   2.90   0.37
     44.84 310.44   44.84   1.16  -0.06   44.84   3.05  -0.42
     46.05  318.1   46.05   1.45   0.46
     46.17 318.86   46.17   1.47   0.18   46.17   2.95   0.37
     46.35    320   46.35   1.33   0.27   46.35   2.97   0.26
     46.96 322.95   46.96   1.09   0.05   46.96   2.76   0.54
     47.13 323.77   47.13   1.10   0.01   47.13   2.76   0.39
     47.33 324.73   47.33   0.80  -0.02   47.33   2.72   0.34
     47.55  325.8   47.55   1.02   0.07   47.55   2.58   0.03
     47.67 326.38   47.67   0.88  -0.04   47.67   2.75   0.00
     47.78 326.91   47.78   1.00  -0.30   47.78   2.62  -0.09
     47.85 327.25   47.85   1.20  -0.15   47.85   2.54   0.03
      47.9 327.49   47.90   1.13   0.06    47.9   2.75   0.05
     48.08 328.36   48.08   1.89  -0.26   48.08   2.60  -0.08   48.08  3.94  -1.34
     48.28 329.32   48.28   1.15  -0.10   48.28   2.72   0.25   48.28  4.15  -0.81
     48.46 330.19   48.46   1.14  -0.13   48.46   2.69  -0.11   48.46  3.49  -0.60
     48.53 330.53   48.53   1.20   0.15   48.53   3.54  -0.38   48.53  3.54  -0.83
     48.63 331.01   48.63   2.00  -0.26   48.63   2.73  -0.38   48.63  3.67  -0.83
     48.63 331.01   48.63   1.92  -0.14   48.83   2.82   0.01   48.83  3.32  -0.52
     48.63 331.01   48.63   2.08  -0.37
     48.63 331.01   48.63   2.00  -0.26
     48.76 331.64   48.76   0.48  -0.02
     48.83 331.98   48.83   1.27   0.02
     48.93    332   48.93   1.21  -0.05
     49.04    333   49.04   1.01   0.03   49.04   3.00   0.03   49.04  3.63  -1.02
     49.04    333   49.04   0.49  -0.27   49.15   2.57   0.23
     49.04    333   49.04   1.53   0.32   49.31   2.64  -0.17
     49.04    333   49.04   1.01   0.03   49.31   2.61  -0.12
     49.15 333.53   49.15   1.74  -0.04   49.31   2.68  -0.22
     49.31  334.3   49.31   2.14  -0.33   49.31   2.64  -0.17   49.31  4.18  -0.90
     49.31  334.3   49.31   1.89  -0.37                         49.31  3.82  -0.81
     49.31  334.3   49.31   2.39  -0.29                         49.31  4.53  -1.00
     49.31  334.3   49.31   2.14  -0.33                         49.31  4.18  -0.90
     49.37 334.59   49.37   1.48  -0.25   49.37   2.71  -0.02   49.37  3.77  -1.23
     49.37 334.59   49.37   1.30  -0.30                         49.37  3.75  -1.42
     49.37 334.59   49.37   1.51  -0.19                         49.37  3.78  -1.04
     49.37 334.59   49.37   1.40  -0.25                         49.37  3.77  -1.23
     49.44 334.93   49.44   1.33  -0.34                         49.44  3.82  -1.13
     49.53 335.36   49.53   1.37  -0.28                         49.53  3.97  -1.04
     49.62  335.8   49.62   1.48  -0.32   49.62   3.30  -0.61   49.62  3.45  -1.19
     49.67 336.04                                               49.67  4.07  -0.96
     49.67 336.04                                               49.67  4.05  -0.84
     49.67 336.04                                               49.67  4.08  -1.08
     49.67 336.04   49.67   1.66  -0.23                         49.67  4.07  -0.96
      49.7 336.18   49.70   1.63  -0.32                          49.7  4.02  -1.04
      49.7 336.18                                                49.7  4.09  -1.04
      49.7 336.18                                                49.7  3.95  -1.04
      49.7 336.18                                                49.7  4.02   4.00
     49.76 336.47   49.76   1.77  -0.43   49.76   3.60  -0.67   49.76  4.14  -1.08
     49.77 336.52   49.77   1.69  -0.40   49.77   3.50  -0.53   49.77  4.16  -0.92
     49.82 336.76   49.82   1.69  -0.32                         49.83  4.14  -0.95
     49.83 336.81   49.83   1.83  -0.29   49.83   3.49  -0.35
     49.91  337.2   49.91   2.14  -0.25                         49.91  4.18  -1.08
     49.94 337.34   49.94   1.89  -0.38                         49.94  4.24  -1.01
     49.97 337.49   49.97   1.95  -0.39   49.97   3.53  -0.84   49.97  4.23  -1.11
     50.07 337.97   50.07   2.00  -0.27   50.07   3.79  -0.47   50.07  4.41  -0.92
     50.49    340   50.49   2.51  -0.12   50.49   4.72   0.08   50.49  4.56  -0.87
     50.55 340.32   50.55   2.57   0.01   50.55   4.48   0.03   50.55  4.35  -1.09
     50.67 340.96   50.67   2.64  -0.15   50.67   4.63  -0.08   50.67  5.09  -0.71
     50.82 341.76   50.82   2.64  -0.04   50.82   4.42   0.01   50.82  5.05  -0.89
     50.96  342.5   50.96   2.81   0.08   50.96   4.60   0.26   50.96  5.27  -0.59
     51.07 343.09   51.07   2.53   0.10   51.07   4.45  -0.10
     51.07 343.09                         51.07   4.41  -0.06
     51.07 343.09                         51.07   4.49  -0.14
     51.07 343.09                         51.07   4.45  -0.10
     51.12 343.36   51.12   2.46   0.04   51.12   4.54   0.04   51.12  5.24  -0.62
     51.38 344.75   51.38   2.36  -0.03   51.38   4.32   0.09
     51.53 345.55   51.53   2.37   0.02   51.53   4.27   0.13   51.53  4.98  -0.70
     51.76 346.78   51.76   2.28  -0.14   51.76   4.15   0.06   51.76  4.78  -0.58
     51.99 348.01   51.99   2.32  -0.08   51.99   4.02  -0.07
     52.58 351.16   52.58   2.24  -0.10   52.58   3.86  -0.18
     52.72 351.91   52.72   2.38   0.03   52.72   4.05  -0.29
     52.58 351.16   52.58   2.24  -0.10   52.58   3.86  -0.18
     52.72 351.91   52.72   2.38   0.03   52.72   4.05  -0.29
     52.88 352.76   52.88   2.52   0.07   52.88   4.07  -0.16
     53.49 356.03   53.49   2.70   0.40   53.49   4.17  -0.07
     54.07 359.13   54.07   2.11   0.36   54.07   4.02   0.14
     54.22 359.93   54.22   2.15   0.26   54.22   3.81   0.16
     54.38 360.78   54.38   1.47  -0.15   54.38   3.84  -0.03
     54.99 364.04   54.99   2.03   0.48   54.99   3.71   0.15
     55.58  367.2   55.58   1.80   0.46   55.58   3.57   0.35
     55.72 367.95   55.72   1.68   0.33   55.72   3.79   0.35
     55.88  369.5   55.88   1.98   0.40   55.88   3.59   0.34
     56.46 373.62   56.46   1.99   0.56   56.46   3.93   0.42
     56.49 373.85   56.49   1.99   0.39   56.49   3.82   0.39
     56.64    375   56.64   1.73   0.41   56.64   3.92   0.34
      56.8 376.22   56.80   1.80   0.37    56.8   3.87   0.50
     57.47 381.32   57.47   1.46   0.45   57.47   3.70   0.54
     58.41 388.45   58.41   1.58   0.24   58.41   3.27  -0.04
     59.56 397.23   59.56   1.33   0.44   59.56   3.24   0.29
     59.96 400.28   59.96   0.84   0.25   59.96   2.91   0.61   59.96  3.56   0.03
     60.36 403.33   60.36   1.14   0.62   60.36   2.56   0.64   60.36  3.44   0.09
     60.55  404.7   60.55   1.23   0.69   60.55   2.85   0.98
     60.58    405   60.58   1.01   0.51   60.58   2.44   0.68   60.58  3.35  -0.04
      60.7  406.1   60.70   1.35   0.61    60.7   2.56   0.50    60.7  3.30   0.05
     60.78 406.83   60.78   1.29   0.77   60.78   2.63   0.69   60.78  3.36   0.13
     60.88 407.74   60.88   0.92   0.57   60.88   2.58   0.63   60.88  3.40  -0.54
     61.01 408.93   61.01   1.25   0.50   61.01   2.78   0.57   61.01  3.52  -0.26
     61.16 410.31   61.16   1.14   0.35   61.16   2.76   0.57   61.16  3.48  -0.18
      61.3 411.59   61.30   0.80   0.28    61.3   2.92   0.49
     61.49 413.33   61.49   1.36   0.42   61.49   2.91   0.52   61.49  3.76  -0.27
     61.61 414.42   61.61   1.11   0.01   61.61   2.94   0.51   61.61  3.67  -0.29
     61.71 415.34   61.71   1.11   0.09   61.71   3.81   0.54
     61.81 416.25   61.81   0.94   0.17   61.81   3.02   0.34   61.81  3.73  -0.43
     61.91 417.17   61.91   0.97   0.21   61.91   3.13   0.40   61.91  3.85  -0.60
     62.01 418.08   62.01   1.09  -0.13   62.01   3.14   0.35   62.01  3.72  -0.28
     62.07 418.63   62.07   1.03  -0.32   62.07   3.16   0.42   62.07  3.85  -0.14
      62.2 419.82   62.20   1.32  -0.17    62.2   3.30   0.49    62.2  3.87  -0.28
     62.38 421.47   62.38   0.88  -0.77   62.38   3.39   0.27   62.38  3.85  -0.68
      62.4 421.92   62.40   1.33  -0.31    62.4   3.45   0.46    62.4  4.08  -0.34
     62.48 422.38   62.48   1.75  -0.28   62.48   3.44   0.27   62.48  3.76  -0.64
     62.56 423.11   62.56   2.01  -0.08   62.56   3.29   0.20   62.56  3.46  -0.65
     62.64 423.85   62.64   1.97  -0.33   62.64   3.50   0.28   62.64  4.08  -0.59
     62.72 424.58   62.72   2.18  -0.35   62.72   3.57  -0.28   62.72  4.20  -0.95
      62.8 425.31   62.80   2.11  -0.27    62.8   3.47  -0.10    62.8  4.38  -0.90
      62.8 425.31                          62.8   2.99   0.23
      62.8 425.31                          62.8   3.95  -0.41
      62.8 425.31                          62.8   3.47  -0.10
     62.89 426.13   62.89   2.29  -0.19                         62.89  4.43  -0.95
     62.97 426.86   62.97   2.35  -0.36                         62.97  4.55  -0.96
     62.99 427.05                                               62.99  4.48  -0.99
     63.05  427.6   63.05   2.50  -0.28                         63.05  4.48  -0.89
     63.12 428.24   63.12   1.64  -0.23                         63.12  4.62  -1.01
     63.21 429.06   63.21   2.31  -0.30   63.21   4.11  -0.49   63.21  4.73  -0.97
     63.29 429.79   63.29   2.52  -0.16   63.29   4.04  -0.51   63.29  4.59  -0.71
     63.41 430.89   63.41   2.46  -0.16   63.41   4.31  -0.25   63.41  4.86  -0.91
     63.58 432.45   63.58   2.63  -0.03   63.58   4.15  -0.40   63.58  5.04  -0.70
      63.7 433.54   63.70   2.78   0.07    63.7   4.49  -0.12    63.7  5.23  -0.77
     63.75    434   63.75   2.80   0.25   63.75   4.62  -0.01
     63.88 435.03   63.88   2.75   0.20   63.88   4.56  -0.11
     64.19 437.48   64.19   2.62   0.13   64.19   4.76  -0.11
     64.49 439.85   64.49   2.78   0.15   64.49   4.63  -0.11
     64.78 442.14   64.78   2.75   0.23   64.78   4.58  -0.03
     65.08 444.52   65.08   2.63   0.16   65.08   4.53  -0.12
     65.19 445.39   65.19   2.51   0.18   65.19   4.33  -0.20
     65.38 446.89   65.38   2.14   0.14   65.38   4.40   0.22
     65.43 447.28   65.43   2.39   0.14   65.43   4.55  -0.07
     65.59 448.55   65.59   2.31   0.11   65.59   4.09   0.03
     65.74 449.73   65.74   2.37   0.17   65.74   4.23   0.07
     65.99 451.71   65.99   2.24  -0.15   65.99   4.04  -0.04
     66.58 456.37   66.58   2.17   0.02   66.58   3.95  -0.16
      66.7 457.32   66.70   2.38   0.08    66.7   3.63  -0.28
     66.88 458.75   66.88   2.43   0.06   66.88   4.03  -0.13
     67.49 463.57   67.49   2.32   0.18   67.49   4.04  -0.28
     68.07 468.15   68.07   2.19   0.01   68.07   4.19   0.01
     68.22 469.34   68.22   2.38   0.15   68.22   4.07  -0.14
     68.38 470.61   68.38   2.02   0.12   68.38   4.11   0.08
     68.43    471   68.43   2.31   0.20   68.43   4.18   0.11
     68.62 472.09   68.62   2.25   0.28   68.62   3.88   0.07
     69.43 476.71   69.43   2.34   0.03   69.43   3.37  -0.22
     70.07 480.37   70.07   1.76   0.38   70.07   3.22   0.05
     70.18    481   70.18   1.80   0.22   70.18   3.13   0.01
     70.32 481.73   70.32   1.51   0.03   70.32   3.64   0.06
     70.93 484.91   70.93   1.79   0.83   70.93   3.40   0.71
     71.33 486.99   71.33   1.50   0.70   71.33   3.18   0.40
     71.64 488.61   71.64   1.72   0.70   71.64   3.33   0.32
     71.95 490.23   71.95   1.65   0.75   71.95   3.24   0.70
     72.27 491.89   72.27   1.61   0.92   72.27   3.17   0.86
     72.71 494.19   72.71   1.53   0.81   72.71   3.13   0.62
     73.16 496.53   73.16   1.51   0.82   73.16   3.14   0.54
     73.32 497.37
      73.9 500.39   73.90   1.31   0.69    73.9   3.19   0.78
     74.11 501.48   74.11   1.55   0.83   74.11   3.15   0.55
     74.37 502.84   74.37   1.25   0.50   74.37   3.42   0.51
     74.82 505.18   74.82   1.42   0.75   74.82   3.14   0.54
     75.04 506.33   75.04   1.29   0.79   75.04   3.16   0.82
      75.4 508.21   75.40   1.27   0.52    75.4   3.29   0.63
     75.61  509.3   75.61   1.45   0.58   75.61   3.03   0.59
     75.87 510.66   75.87   1.22   0.48   75.87   3.39   0.23
     75.89 510.76   75.89   1.62   0.77   75.89   3.36   0.48
     75.92 510.92   75.92   1.30   0.68   75.92   3.43   0.51
     76.22 512.48   76.22   1.68   0.38   76.22   3.47   0.57
     76.32    513                         76.32   4.47   0.15
     76.32    513                         76.32   4.38   0.13
     76.32    513                         76.32   4.56   0.17
     76.32    513                         76.32   4.47   0.15
     76.49 513.83   76.49   1.24   0.31   76.49   3.69   0.51
     76.69 514.81   76.69   1.67   0.44   76.69   3.44   0.45
      76.9  515.8   76.90   1.61   0.57    76.9   3.58   0.82
     77.01 516.38   77.01   1.63   0.62   77.01   3.70   0.62
     77.21 517.35   77.21   1.46   0.38   77.21   3.77   0.84
      77.6 519.26   77.60   1.27   0.40    77.6   3.66   0.59
     78.99 526.06   78.99   1.41   0.50   78.99   3.29   0.66
      79.5  528.9   79.50   1.64   0.47
     79.68  529.4   79.68   1.57   0.40   79.68   3.57   0.40
      79.9 530.52   79.90   1.74   0.28    79.9   3.51   0.45
     80.49  533.4   80.49   1.77   0.00   80.49   3.58   0.22
     80.61 533.99   80.61   2.09   0.20   80.61   3.53   0.17
     80.71 534.48   80.71   1.96   0.11   80.71   3.75   0.17
     80.81 534.97   80.81   1.98   0.29   80.81   3.71   0.22
     80.91 535.46   80.91   1.91   0.20   80.91   4.01   0.40
     81.01 535.95   81.01   2.03   0.14   81.01   4.13   0.31
     81.07 536.24   81.07   2.15   0.32   81.07   4.18   0.39
     81.13 536.53   81.13   2.02   0.35   81.13   4.11  -0.08
     81.18 536.78   81.18   1.61   0.18   81.18   3.77   0.24
     81.29 537.32   81.29   2.16   0.26   81.29   4.19   0.14
     81.38 537.76   81.38   1.84   0.22   81.38   4.18   0.12
     81.43    538   81.43   2.27   0.31   81.43   4.36   0.12
     81.61 539.71   81.61   2.12   0.15   81.61   4.22   0.41
     81.99  543.3   81.99   1.88   0.15   81.99   4.12   0.20
     82.57  548.8   82.57   1.90   0.23   82.57   4.07   0.15
     82.68 549.84   82.68   1.92  -0.04   82.68   4.06   0.25
     82.88 551.73   82.88   1.33  -0.30   82.88   3.71   0.16
     83.49 557.51   83.49   1.84   0.23   83.49   3.48  -0.18
     84.07    563   84.07   1.74   0.17   84.07   4.00   0.04
     84.18 563.43   84.18   1.58   0.25   84.18   3.29  -0.64
     84.38 564.22   84.38   1.18  -0.04   84.38   3.22   0.05
     84.92 566.35
     85.49  568.6   85.49   1.66   0.94   85.49   2.96   0.38
     85.62 569.11   85.62   1.30   0.54   85.62   3.01   0.57
     85.79 569.78   85.79   1.15   0.64   85.79   3.14   0.46
     85.84 569.98   85.84   1.41   0.60   85.84   3.00   0.51
     86.33 571.91
     86.81  573.8   86.81   1.43   0.18   86.81   2.84   0.43
     86.86    574   86.86   1.20   0.08   86.86   2.71   0.41
     86.94 574.75   86.94   1.14  -0.04
     87.65 581.43   87.65   1.56   0.20
     88.41 588.57   88.41   2.02   0.10   88.41   3.96   0.17
     88.68 591.11   88.68   1.75  -0.02   88.68   3.71   0.36
     89.04  594.5   89.04   1.44  -0.07   89.04   3.63   0.53
      89.2    596   89.20   1.63   0.17    89.2   3.57   0.40
     90.04 602.89   90.04   1.74   0.35   90.04   3.60   0.35
     90.58 607.32   90.58   1.56   0.23   90.58   3.39   0.14
      90.9 609.95   90.90   1.12  -0.15
     90.93 610.19   90.93   1.30  -0.13   90.93   3.38   0.67
     91.09  611.5   91.09   1.41   0.35   91.09   3.07   0.20
     91.36 613.72   91.36   1.20   0.10   91.36   3.07   0.29
     91.69 616.43   91.69   0.68   0.23   91.69   2.83   0.20
     91.83 617.48   91.83   1.10   0.17   91.83   2.81   0.59
     91.94 618.23   91.94   1.30   0.30   91.94   3.01   0.58
     92.09 619.26
     92.27 620.48   92.27   1.75   0.14   92.27   2.99   0.28
     92.42 621.51   92.42   1.42   0.13   92.42   3.34  -0.15
     92.79 624.04   92.79   1.82   0.16   92.79   2.97  -0.39
     92.88 624.65   92.88   1.90  -0.10   92.88   4.02  -0.24
     92.97 625.27   92.97   2.20  -0.16   92.97   4.44   0.36
     93.06 625.88   93.06   2.59  -0.18   93.06   4.44  -0.39
     93.16 626.57   93.16   2.45   0.01   93.16   4.55  -0.03
     93.26 627.25   93.26   2.32  -0.28   93.26   4.73   0.26
     93.37    628   93.37   2.42  -0.07   93.37   4.84   0.18
      93.5 630.44
     93.69 634.01   93.69   2.17  -0.38   93.69   4.56  -0.05
     93.74 634.95   93.74   2.53  -0.03   93.74   4.69   0.23
     93.85 637.02   93.85   2.40   0.18   93.85   4.35   0.04
     93.97 639.28   93.97   2.43  -0.01   93.97   4.55   0.03
      94.2  643.6   94.20   2.03  -0.10    94.2   4.15   0.03
     94.41 647.54   94.41   2.16  -0.22   94.41   4.35   0.01
     94.61  651.3   94.61   2.09   0.11   94.61   3.64  -0.29
     94.77 654.31   94.77   2.45   0.34   94.77   3.78  -0.67
     94.77 654.31                         94.77   3.61  -0.73
     94.77 654.31                         94.77   3.95  -0.61
     94.77 654.31                         94.77   3.78  -0.67
     94.86    656   94.86   1.79   0.14   94.86   3.85  -0.38
     95.08 660.15   95.08   1.48   0.51
     95.13 661.09   95.13   1.40   0.18   95.13   3.33   0.21
                                                     
     96.16    711   96.16   1.93   0.53   96.16   3.16  -0.04
     96.41  712.8   96.41   1.91   0.10   96.41   3.56  -0.47
     96.99 716.97   96.99   1.32   0.10   96.99   3.36  -0.13
     97.55    721   97.55   1.75  -0.16   97.55   3.59  -0.14
     97.61 721.45   97.61   1.71  -0.20   97.61   3.49   0.03
     97.98 724.23   97.98   1.17  -0.01   97.98   2.86  -0.19
     98.51  728.2                         98.51   2.97  -0.44
     98.79 730.35   98.79   1.09  -0.16
                                                     
     98.93 1572.9   98.93   1.90          98.93
     99.23   1575   99.23   2.02   0.34   99.23   3.92  -0.84
     99.51   1577   99.51   1.95   0.13   99.51   3.82  -0.35
    100.08 1581.1  100.08   1.86   0.37  100.08   3.20   0.25
    100.56 1584.5  100.56   1.67   0.31  100.56   3.25  -0.18
    101.72 1592.7  101.72   1.81   0.47
    102.04   1595  102.04   1.52   0.31  102.04   2.91   0.32
    103.17 1606.4  103.17   1.81   0.08  103.17   3.25  -0.14
    104.13   1616  104.13   2.33   0.08  104.13   3.86   0.02
    104.43 1618.1  104.43   1.88   0.12  104.43   3.81  -0.14
    105.57   1626  105.57   1.43   0.54  105.57   3.28   0.35
    105.81 1627.7  105.81   1.08   0.58  105.81   3.22   0.46
       107   1636  107.00   0.94   0.25     107   2.99   0.27
    107.08 1637.1                        107.08   3.21  -0.03
    107.49   1643                        107.49   3.10   0.17
    108.09 1651.6  108.09   1.91   0.10  108.09   3.32  -0.32
    108.38 1655.8  108.38   2.07   0.10  108.38   3.55   0.23
    109.02   1665  109.02   1.46   0.13  109.02   3.53   0.01
    109.12 1666.2  109.12   1.41   0.07  109.12   3.26   0.05
    109.57 1671.5  109.57   1.46   0.28  109.57   3.21   0.07
    110.17 1678.7  110.17   1.49   0.56  110.17   3.22   0.24
    110.46 1682.1  110.46   1.67   0.48  110.46   3.32  -0.28
    111.67 1696.5  111.67   1.36   0.24  111.67   3.39   0.06
    111.96   1700  111.96   1.64   0.38  111.96   3.57   0.29
    112.42 1708.9  112.42   1.52   0.41  112.42   3.20   0.08
    112.48   1701  112.48   1.56   0.64
    112.92 1718.6  112.92   1.72   0.74  112.92   2.92   0.99
    113.21 1724.2  113.21   1.85   0.59  113.21   3.15   0.45
    114.27 1744.7  114.27   1.50   0.51  114.27   3.02   0.31
     114.5 1749.1  114.50   1.60   0.46
    115.01   1759  115.01   1.64   0.58  115.01   2.79   0.57
    115.53 1763.7  115.53   1.45   0.41  115.53   3.05   0.31
    115.82 1766.2  115.82   1.73   0.49  115.82   2.96   0.45
    116.79 1774.9  116.79   1.45   0.26  116.79   2.95   0.22
    116.97 1776.5  116.97   3.16  -0.11
    117.58   1782  117.58   2.23   0.50  117.58   3.70
    117.74 1783.3  117.74   2.24   0.67  117.74   3.32   0.04
    118.16 1786.6  118.16   2.36   0.73  118.16   3.28  -0.14
     118.2   1787  118.20   2.28   0.74
    118.65 1790.6  118.65   2.29   0.87
     118.7   1791  118.70   2.29   0.80   118.7   3.10   0.00
     119.2   1795
    119.58   1798  119.58   1.86   0.73  119.58   3.17   0.23
    119.83   1800  119.83   1.94   0.69  119.83   2.74   0.27
    120.34 1805.5  120.34   2.00   0.76  120.34   2.79   0.45
    120.76   1810  120.76   2.04   0.75  120.76   2.97   0.51
    121.03 1812.9  121.03   1.45   0.22  121.03   2.77   0.19
     121.6   1819  121.60   3.65   0.12
    122.09   1823  122.09   2.08   0.26  122.09   3.28  -0.52
    122.32 1824.8  122.32   2.23   0.43  122.32   2.90  -0.26
    122.89 1829.4  122.89   1.53   0.48  122.89   2.81   0.16
    123.38 1833.4  123.38   1.63   0.76  123.38   2.76   0.42
    123.63 1835.4  123.63   1.54   0.77  123.63   2.68   0.21
     124.2   1840
    124.62 1843.4  124.62   1.80   0.60  124.62   2.86   0.64
    124.89 1845.6  124.89   1.67   0.62  124.89   2.98   0.01
    125.44   1850  125.44   1.73   0.44  125.44   2.78  -0.15
    125.81   1853  125.81   1.71   0.34  125.81   2.64   0.23
    126.53   1862  126.53   3.42   0.12
       127 1866.5  127.00   1.73   0.81     127   3.16   0.59
    127.14 1867.8  127.14   1.80   0.81
    127.41 1870.4  127.41   1.36   0.63  127.41   2.59   0.62
    127.89   1875  127.89   1.45   0.85  127.89   2.65   0.63
    128.11 1877.1  128.11   1.44   0.87  128.11   2.82   0.53
    128.59 1881.7  128.59   2.67   0.46
    128.93 1884.9  128.93   1.60   0.72  128.93   2.59  -0.08
     129.2 1887.5  129.20   1.52   0.58   129.2   2.74   0.23
    129.71 1892.4  129.71   1.92   0.91  129.71   2.15   0.09
     130.2 1897.1  130.20   1.78   0.62   130.2   2.52   0.65
     130.4   1899  130.40   1.55   0.50
    130.52 1900.2  130.52   1.94   0.69  130.52   3.15   0.29
     130.6 1900.9  130.60   1.91   0.88
    131.05 1905.2  131.05   2.10   0.54
    131.44 1908.9  131.44   1.90   0.72  131.44   3.17   0.28
     131.7 1911.4  131.70   1.72   0.54   131.7   3.36   0.30
    131.91   1913  131.91   2.09   0.73  131.91   3.17   0.14
    132.63 1920.3  132.63   1.86   0.65
     132.9 1922.9  132.90   1.76   0.53   132.9   3.44   0.44
    133.96   1933  133.96   2.00   0.14  133.96   3.66   0.09
    134.06   1934  134.06   2.28   0.47  134.06   3.82  -0.04
    135.06 1944.8  135.06   3.23   0.34
    135.45 1948.9  135.45   2.16   0.37  135.45   3.67  -0.20
    135.54 1949.9  135.54   2.14   0.41  135.54   3.56  -0.33
    136.75 1962.9
    138.18 1978.3  138.18   3.09   0.33
    138.79 1984.9  138.79   3.02  -0.33
    139.37 1991.1  139.37   3.16   0.06
    139.68 1994.4  139.68   2.86  -0.25
    140.29   2001  140.29   3.47   0.10
    140.87 2004.9  140.87   2.85  -0.09
    141.79 2011.1  141.79   2.83   0.48
    142.37 2015.3  142.37   3.02  -0.14
    143.28 2022.6  143.28   2.67  -0.13
    143.83   2027  143.83   4.00  -0.50
    144.14 2030.9  144.14   3.46  -0.57
    144.43 2034.5  144.43   3.89  -0.36
    144.75 2038.5  144.75   3.47   0.11
    144.82 2039.4  144.82   3.33  -0.15
    145.07 2042.6  145.07   2.82  -0.09
     145.4 2046.7  145.40   3.02  -0.19
    146.07 2091.1  146.07   2.66   0.21
     146.3 2092.9  146.30   2.99   0.02


                    elimine JCD
                    73.32   2.99   0.73
                    76.32   2.54  -0.10
                    84.92   3.37   0.42
                    92.09   2.93   0.18
                    93.50   4.60   0.19
                   136.75   3.01   1.47

