core         : ODP-677
latitude     : 1/12.138/N
longitude    : 83/44.22/W
water depth  : 3461.2
--------------------------------------------------
fullname     : age
class        : age
inserted     : 24-MAY-94
remarks      : 
depth info   : none
--------------------------------------------------
  depth(m)          age[121]
--------------------------------------------------
^
 0.4000     6.0000
 0.5000     8.0000
 0.6000     9.0000
 0.6800    11.0000
 0.8000    12.0000
 0.9000    14.0000
 0.9800    15.0000
 1.1000    17.0000
 1.2000    19.0000
 1.3000    21.0000
 1.4000    22.0000
 1.5000    24.0000
 1.6000    25.0000
 1.7000    27.0000
 1.8000    29.0000
 1.9000    30.0000
 2.0000    32.0000
 2.1000    34.0000
 2.2000    35.0000
 2.3000    37.0000
 2.4000    38.0000
 2.4700    39.0000
 2.5800    41.0000
 2.7000    43.0000
 2.8000    45.0000
 2.9000    46.0000
 3.0000    48.0000
 3.0300    49.0000
 3.1000    50.0000
 3.2000    51.0000
 3.3000    53.0000
 3.4000    55.0000
 3.5000    56.0000
 3.6000    58.0000
 3.7000    59.0000
 3.8000    61.0000
 3.9000    63.0000
 3.9700    65.0000
 4.0000    65.0000
 4.0800    67.0000
 4.1000    68.0000
 4.2000    70.0000
 4.3000    72.0000
 4.4000    74.0000
 4.5000    76.0000
 4.6000    78.0000
 4.7000    81.0000
 4.7800    82.0000
 4.8000    83.0000
 4.9000    85.0000
 4.9800    87.0000
 5.0000    88.0000
 5.1000    91.0000
 5.1300    92.0000
 5.2000    94.0000
 5.3000    97.0000
 5.4000    100.0000
 5.5000    103.0000
 5.6000    107.0000
 5.7000    110.0000
 5.8000    113.0000
 5.9000    116.0000
 6.0000    119.0000
 6.1000    122.0000
 6.2000    125.0000
 6.2800    128.0000
 6.4000    132.0000
 6.5000    136.0000
 6.6000    139.0000
 6.7000    143.0000
 6.8000    146.0000
 6.9000    150.0000
 7.0000    153.0000
 7.1000    157.0000
 7.2000    160.0000
 7.3000    164.0000
 7.4000    167.0000
 7.5000    171.0000
 7.6000    174.0000
 7.7000    178.0000
 7.7800    180.0000
 7.8400    183.0000
 7.9000    185.0000
 7.9300    186.0000
 8.0000    188.0000
 8.0500    190.0000
 8.1000    192.0000
 8.1700    194.0000
 8.4300    200.0000
 8.5400    202.0000
 8.7400    207.0000
 8.8400    209.0000
 8.9500    212.0000
 9.0500    214.0000
 9.1500    216.0000
 9.2600    218.0000
 9.3600    220.0000
 9.4500    222.0000
 9.5000    223.0000
 9.5500    224.0000
 9.6800    227.0000
10.0000    234.0000
10.1500    237.0000
10.2400    239.0000
10.3000    241.0000
10.3400    242.0000
10.4500    245.0000
10.5400    247.0000
10.6400    250.0000
10.7400    252.0000
10.8400    255.0000
10.9400    258.0000
11.0300    260.0000
11.1700    264.0000
11.2500    266.0000
11.3500    268.0000
11.4400    271.0000
11.5400    273.0000
11.6400    276.0000
11.7400    279.0000
11.8400    281.0000
11.9500    284.0000
12.0200    286.0000
12.1400    290.0000
12.2400    293.0000
12.3600    297.0000
12.4200    298.0000
12.5400    302.0000
12.6500    305.0000
12.7400    307.0000
12.8500    310.0000
12.9300    312.0000
13.0400    315.0000
13.1400    318.0000
13.2400    321.0000
13.3400    324.0000
13.4500    327.0000
13.5400    329.0000
13.6400    331.0000
13.7400    333.0000
13.8400    335.0000
13.9400    337.0000
14.0400    339.0000
14.1700    343.0000
14.2600    345.0000
14.3500    348.0000
14.4300    350.0000
14.5500    354.0000
14.6000    355.0000
14.6500    357.0000
14.7000    358.0000
14.7700    360.0000
14.8000    361.0000
14.8500    362.0000
14.9000    364.0000
14.9500    365.0000
15.0000    367.0000
15.0500    368.0000
15.1000    369.0000
15.1400    371.0000
15.2000    372.0000
15.2500    374.0000
15.3000    375.0000
15.3500    377.0000
15.4000    378.0000
15.4500    379.0000
15.5000    381.0000
15.5500    382.0000
15.6000    384.0000
15.6700    386.0000
15.7000    387.0000
15.7500    388.0000
15.7800    389.0000
15.8500    391.0000
15.9000    392.0000
15.9300    393.0000
16.0000    395.0000
16.0500    397.0000
16.0800    398.0000
16.1400    399.0000
16.2400    402.0000
16.3400    405.0000
16.4500    407.0000
16.5400    409.0000
16.6400    412.0000
16.7400    414.0000
16.8400    416.0000
16.9300    418.0000
17.0300    420.0000
17.3500    427.0000
17.4500    429.0000
17.5500    432.0000
17.6500    434.0000
17.7500    437.0000
17.8500    439.0000
17.9200    441.0000
18.0500    444.0000
18.1500    447.0000
18.2300    449.0000
18.3000    450.0000
18.3500    452.0000
18.4100    453.0000
18.4500    454.0000
18.5500    457.0000
18.6500    459.0000
18.7500    463.0000
18.8500    466.0000
18.9500    470.0000
19.0500    474.0000
19.1500    477.0000
19.2500    481.0000
19.3500    484.0000
19.4200    487.0000
19.5000    489.0000
19.5500    491.0000
19.6500    494.0000
19.7300    497.0000
19.8500    501.0000
19.9000    502.0000
19.9500    503.0000
20.0500    505.0000
20.1500    507.0000
20.2500    509.0000
20.3500    512.0000
20.4500    514.0000
20.5500    517.0000
20.6500    519.0000
20.7500    521.0000
20.8400    524.0000
20.9000    525.0000
20.9200    526.0000
21.0300    528.0000
21.1000    530.0000
21.1400    531.0000
21.2200    533.0000
21.3400    537.0000
21.4500    540.0000
21.5500    543.0000
21.6500    546.0000
21.7500    550.0000
21.8500    553.0000
21.9500    556.0000
22.0500    559.0000
22.1500    562.0000
22.2500    565.0000
22.3500    568.0000
22.4200    571.0000
22.5500    575.0000
22.6000    578.0000
22.6400    579.0000
22.7000    582.0000
22.7500    583.0000
22.7900    584.0000
22.8500    586.0000
22.9000    587.0000
23.0000    589.0000
23.1000    591.0000
23.2000    594.0000
23.2500    595.0000
23.3000    596.0000
23.3500    598.0000
23.4000    599.0000
23.4500    601.0000
23.5000    602.0000
23.5500    604.0000
23.6000    606.0000
23.6500    608.0000
23.7000    610.0000
23.7500    612.0000
23.8000    614.0000
23.8500    616.0000
23.9000    617.0000
23.9200    617.0000
23.9500    618.0000
24.0000    619.0000
24.0500    620.0000
24.1000    621.0000
24.1500    621.0000
24.2200    623.0000
24.3500    625.0000
24.4000    626.0000
24.4500    627.0000
24.5500    630.0000
24.6500    633.0000
24.7500    635.0000
24.8500    638.0000
24.9500    641.0000
25.0500    643.0000
25.1500    646.0000
25.2500    649.0000
25.3200    650.0000
25.3500    651.0000
25.4200    653.0000
25.5500    656.0000
25.6400    659.0000
25.6500    659.0000
25.7300    661.0000
25.7500    662.0000
25.8400    664.0000
25.8700    665.0000
25.9400    667.0000
25.9500    667.0000
26.0400    669.0000
26.1400    672.0000
26.1800    673.0000
26.2500    675.0000
26.3500    678.0000
26.4500    680.0000
26.5000    682.0000
26.5500    683.0000
26.6000    684.0000
26.6400    685.0000
26.7000    687.0000
26.7400    688.0000
26.8000    690.0000
26.8300    690.0000
26.8400    691.0000
26.9000    692.0000
27.0000    695.0000
27.1000    698.0000
27.2000    701.0000
27.3000    703.0000
27.4000    706.0000
27.5000    709.0000
27.6000    712.0000
27.7000    714.0000
27.8000    717.0000
27.9000    719.0000
28.0000    722.0000
28.0600    723.0000
28.1000    724.0000
28.1400    725.0000
28.2000    727.0000
28.2400    728.0000
28.3000    729.0000
28.3400    731.0000
28.4000    732.0000
28.4100    732.0000
28.7700    742.0000
28.8500    744.0000
28.9500    746.0000
29.0500    749.0000
29.1200    750.0000
29.2500    754.0000
29.3500    756.0000
29.4600    759.0000
29.5500    761.0000
29.6500    764.0000
29.7500    767.0000
29.8500    769.0000
29.9400    771.0000
30.0500    774.0000
30.1600    777.0000
30.2400    779.0000
30.3100    781.0000
30.4300    784.0000
30.5500    786.0000
30.6500    788.0000
30.7400    790.0000
30.8500    792.0000
30.9500    794.0000
31.0500    796.0000
31.1500    798.0000
31.2500    799.0000
31.3500    801.0000
31.4500    803.0000
31.5200    804.0000
31.6200    806.0000
31.7400    809.0000
31.8400    810.0000
31.9300    812.0000
32.0400    814.0000
32.1500    816.0000
32.2500    818.0000
32.3500    820.0000
32.4500    822.0000
32.5500    825.0000
32.6500    828.0000
32.7500    831.0000
32.8500    834.0000
32.9500    837.0000
33.0500    840.0000
33.1500    843.0000
33.2500    846.0000
33.3400    848.0000
33.4300    851.0000
33.5500    854.0000
33.6500    857.0000
33.7500    860.0000
33.8500    862.0000
33.9500    865.0000
34.0500    867.0000
34.1500    870.0000
34.2500    872.0000
34.3500    875.0000
34.4500    877.0000
34.5500    880.0000
34.6500    882.0000
34.6700    883.0000
34.7000    884.0000
34.7500    885.0000
34.8000    886.0000
34.8500    887.0000
34.9000    889.0000
34.9300    889.0000
35.0300    892.0000
35.0500    892.0000
35.1000    894.0000
35.1500    895.0000
35.2000    896.0000
35.2500    897.0000
35.3000    899.0000
35.3500    900.0000
35.3600    900.0000
35.4500    902.0000
35.5000    904.0000
35.5500    905.0000
35.6000    906.0000
35.6500    907.0000
35.7300    909.0000
35.7500    910.0000
35.8000    911.0000
35.8500    912.0000
35.8800    913.0000
36.0000    916.0000
36.0500    917.0000
36.1000    918.0000
36.1500    920.0000
36.2000    921.0000
36.2500    922.0000
36.3000    923.0000
36.3500    925.0000
36.4100    926.0000
36.4300    927.0000
36.5000    928.0000
36.5500    930.0000
36.6000    931.0000
36.6500    932.0000
36.7000    933.0000
36.7500    935.0000
36.8000    936.0000
36.8500    937.0000
36.9200    939.0000
37.0000    941.0000
37.0500    942.0000
37.1000    943.0000
37.1500    945.0000
37.2300    947.0000
37.2500    947.0000
37.3000    948.0000
37.3600    950.0000
37.4100    951.0000
37.4500    952.0000
37.5000    953.0000
37.5500    955.0000
37.6000    956.0000
37.6500    957.0000
37.7500    960.0000
37.8500    962.0000
37.9500    965.0000
38.0200    967.0000
38.0500    967.0000
38.1500    970.0000
38.2500    972.0000
38.3300    974.0000
38.3500    975.0000
38.4300    977.0000
38.4500    978.0000
38.5500    981.0000
38.6500    983.0000
38.7500    986.0000
38.8500    989.0000
38.8600    989.0000
38.9500    992.0000
39.0500    995.0000
39.1500    997.0000
39.2500    1000.0000
39.3500    1002.0000
39.4600    1004.0000
39.5700    1008.0000
39.6500    1011.0000
39.7500    1015.0000
39.8300    1017.0000
39.9200    1021.0000
40.0500    1026.0000
40.1500    1028.0000
40.2500    1029.0000
40.3500    1030.0000
40.4500    1031.0000
40.5500    1033.0000
40.6300    1034.0000
40.7500    1037.0000
40.8500    1040.0000
40.9500    1042.0000
41.0100    1044.0000
41.1500    1047.0000
41.2500    1050.0000
41.3300    1052.0000
41.4200    1054.0000
41.5500    1058.0000
41.6500    1060.0000
41.7500    1063.0000
41.8500    1065.0000
41.9500    1068.0000
42.0500    1070.0000
42.1500    1073.0000
42.2500    1075.0000
42.3500    1077.0000
42.4500    1079.0000
42.5200    1081.0000
42.6500    1084.0000
42.7500    1086.0000
42.8300    1088.0000
42.9200    1090.0000
43.0500    1094.0000
43.1500    1098.0000
43.2500    1101.0000
43.3500    1104.0000
43.4500    1108.0000
43.5500    1111.0000
43.6500    1113.0000
43.7500    1115.0000
43.8500    1116.0000
43.9500    1118.0000
44.0100    1119.0000
44.1500    1122.0000
44.2000    1123.0000
44.2500    1124.0000
44.3000    1124.0000
44.3300    1125.0000
44.3800    1126.0000
44.4200    1127.0000
44.5300    1129.0000
44.5500    1129.0000
44.6000    1130.0000
44.6500    1131.0000
44.7000    1132.0000
44.7500    1133.0000
44.8000    1134.0000
44.8500    1135.0000
44.9100    1136.0000
44.9500    1136.0000
45.0200    1138.0000
45.0500    1138.0000
45.1000    1139.0000
45.1500    1140.0000
45.2300    1142.0000
45.3000    1143.0000
45.4100    1145.0000
45.5100    1147.0000
45.6000    1148.0000
45.7000    1150.0000
45.8000    1152.0000
45.9100    1154.0000
46.0000    1155.0000
46.1000    1157.0000
46.2000    1159.0000
46.3000    1160.0000
46.3500    1161.0000
46.4100    1162.0000
46.4500    1163.0000
46.5100    1164.0000
46.5500    1165.0000
46.6000    1165.0000
46.6500    1166.0000
46.7300    1167.0000
46.7500    1168.0000
46.8000    1168.0000
46.8700    1170.0000
46.9100    1170.0000
46.9500    1171.0000
47.0000    1172.0000
47.0300    1172.0000
47.1000    1175.0000
47.1500    1177.0000
47.2500    1181.0000
47.3500    1186.0000
47.4500    1190.0000
47.5500    1194.0000
47.5600    1195.0000
47.6500    1199.0000
47.7500    1203.0000
47.8500    1207.0000
47.9500    1210.0000
48.0500    1212.0000
48.1500    1214.0000
48.2500    1216.0000
48.3500    1217.0000
48.4500    1219.0000
48.5300    1221.0000
48.5500    1221.0000
48.6500    1223.0000
48.7500    1225.0000
48.8500    1226.0000
48.9500    1228.0000
49.0600    1230.0000
49.1500    1232.0000
49.2500    1234.0000
49.3500    1235.0000
49.4500    1237.0000
49.5500    1239.0000
49.6600    1241.0000
49.7500    1242.0000
49.8500    1244.0000
49.9500    1246.0000
50.0500    1247.0000
50.1500    1249.0000
50.6500    1262.0000
50.7500    1264.0000
50.8500    1266.0000
50.9300    1268.0000
51.0400    1271.0000
51.1500    1274.0000
51.2400    1276.0000
51.3400    1279.0000
51.4400    1281.0000
51.5100    1283.0000
51.6500    1286.0000
51.7500    1288.0000
51.8500    1290.0000
51.9500    1293.0000
52.0600    1295.0000
52.1400    1297.0000
52.1500    1297.0000
52.2500    1300.0000
52.3500    1302.0000
52.4500    1304.0000
52.5500    1307.0000
52.6500    1309.0000
52.7500    1311.0000
52.8400    1314.0000
52.8500    1314.0000
52.9500    1316.0000
53.0200    1318.0000
53.0300    1319.0000
53.0600    1320.0000
53.1500    1322.0000
53.2500    1325.0000
53.3500    1328.0000
53.4500    1331.0000
53.5500    1334.0000
53.6500    1336.0000
53.7500    1338.0000
53.8500    1340.0000
53.9500    1342.0000
54.0000    1343.0000
54.0500    1344.0000
54.1300    1346.0000
54.1500    1346.0000
54.2000    1347.0000
54.2500    1348.0000
54.2800    1349.0000
54.3500    1350.0000
54.4000    1351.0000
54.4500    1352.0000
54.4600    1352.0000
54.5000    1353.0000
54.5200    1354.0000
54.6000    1355.0000
54.6500    1356.0000
54.7000    1357.0000
54.7500    1358.0000
54.8000    1359.0000
54.8500    1360.0000
54.9300    1362.0000
54.9500    1362.0000
55.0000    1363.0000
55.1000    1365.0000
55.1500    1366.0000
55.2000    1367.0000
55.2500    1368.0000
55.3000    1369.0000
55.3300    1369.0000
55.4000    1371.0000
55.4500    1372.0000
55.5000    1373.0000
55.5500    1374.0000
55.6000    1375.0000
55.6400    1376.0000
56.1000    1385.0000
56.2000    1386.0000
56.3000    1388.0000
56.4000    1390.0000
56.5000    1392.0000
56.6000    1394.0000
56.7000    1396.0000
56.8000    1398.0000
56.9000    1400.0000
57.0000    1402.0000
57.1200    1404.0000
57.2000    1406.0000
57.3000    1408.0000
57.4000    1409.0000
57.5000    1411.0000
57.5600    1412.0000
57.6000    1413.0000
57.6500    1414.0000
57.7000    1415.0000
57.7500    1416.0000
57.8000    1417.0000
57.8500    1418.0000
57.9000    1419.0000
57.9500    1420.0000
58.0000    1421.0000
58.0500    1422.0000
58.1000    1423.0000
58.1500    1424.0000
58.2000    1425.0000
58.2500    1425.0000
58.3000    1426.0000
58.3500    1427.0000
58.4000    1428.0000
58.4500    1429.0000
58.5000    1430.0000
58.5500    1431.0000
58.6000    1432.0000
58.6500    1433.0000
58.7000    1434.0000
58.7500    1435.0000
58.8000    1436.0000
58.8500    1437.0000
58.9000    1438.0000
58.9500    1439.0000
58.9800    1439.0000
59.1000    1441.0000
59.2000    1443.0000
59.3000    1445.0000
59.4000    1447.0000
59.5000    1449.0000
59.6000    1451.0000
59.7000    1453.0000
59.8000    1455.0000
59.9000    1456.0000
60.0000    1458.0000
60.1000    1460.0000
60.1900    1462.0000
60.2000    1462.0000
60.3000    1464.0000
60.4000    1465.0000
60.4800    1467.0000
60.5000    1467.0000
60.6000    1469.0000
60.7000    1471.0000
60.8000    1474.0000
60.9000    1477.0000
61.0000    1481.0000
61.1000    1484.0000
61.2000    1487.0000
61.3000    1490.0000
61.4000    1495.0000
61.5000    1499.0000
61.6000    1501.0000
61.7000    1503.0000
61.8000    1505.0000
61.9000    1508.0000
61.9800    1509.0000
62.1000    1512.0000
62.2000    1514.0000
62.3000    1516.0000
62.4000    1518.0000
62.5000    1520.0000
62.6000    1522.0000
62.7000    1525.0000
62.8000    1527.0000
62.9000    1529.0000
63.0000    1531.0000
63.1000    1534.0000
63.2000    1537.0000
63.3000    1541.0000
63.4000    1544.0000
63.4800    1547.0000
63.6000    1551.0000
63.7000    1554.0000
63.8000    1558.0000
63.9000    1561.0000
64.0000    1564.0000
64.1000    1566.0000
64.2000    1567.0000
64.3000    1569.0000
64.4000    1570.0000
64.5000    1572.0000
64.6000    1576.0000
64.6200    1577.0000
64.7000    1580.0000
64.8000    1584.0000
64.9000    1588.0000
64.9800    1591.0000
65.0000    1592.0000
65.1000    1596.0000
65.2000    1599.0000
65.3000    1603.0000
65.4000    1606.0000
65.5000    1610.0000
65.5700    1612.0000
65.6000    1613.0000
65.7000    1616.0000
65.8000    1619.0000
65.9000    1622.0000
65.9800    1625.0000
66.0000    1625.0000
66.0800    1628.0000
66.1100    1629.0000
66.2000    1632.0000
66.3000    1635.0000
66.4000    1638.0000
66.5000    1641.0000
66.6000    1643.0000
66.7000    1644.0000
66.8000    1646.0000
66.9000    1647.0000
67.0000    1649.0000
67.0800    1650.0000
67.2000    1653.0000
67.3000    1655.0000
67.4000    1658.0000
67.5000    1660.0000
67.6000    1663.0000
67.7000    1665.0000
67.8000    1668.0000
67.9000    1670.0000
68.0000    1673.0000
68.1000    1675.0000
68.1800    1677.0000
68.2000    1677.0000
68.3000    1679.0000
68.4000    1682.0000
68.5000    1684.0000
68.6000    1686.0000
68.7000    1689.0000
68.8000    1691.0000
68.9000    1693.0000
69.0000    1695.0000
69.1000    1698.0000
69.2000    1700.0000
69.3000    1702.0000
69.4100    1705.0000
69.5000    1707.0000
69.6000    1709.0000
69.6800    1711.0000
69.8000    1714.0000
69.9000    1716.0000
70.0000    1719.0000
70.1000    1721.0000
70.2000    1724.0000
70.3100    1726.0000
70.4000    1729.0000
70.5000    1731.0000
70.6000    1734.0000
70.7000    1736.0000
70.8000    1739.0000
70.9000    1742.0000
71.0000    1745.0000
71.1000    1748.0000
71.1800    1750.0000
71.3000    1754.0000
71.4000    1757.0000
71.5000    1759.0000
71.5500    1760.0000
71.6000    1761.0000
71.7000    1763.0000
71.7500    1764.0000
71.8000    1765.0000
71.9000    1767.0000
71.9500    1768.0000
72.0000    1769.0000
72.1000    1772.0000
72.2000    1774.0000
72.2500    1775.0000
72.3000    1776.0000
72.4000    1778.0000
72.5000    1780.0000
72.6000    1782.0000
72.6800    1784.0000
72.8000    1786.0000
72.9000    1788.0000
73.0000    1790.0000
73.1000    1792.0000
73.2000    1795.0000
73.3000    1797.0000
73.4000    1799.0000
73.5000    1801.0000
73.6000    1803.0000
73.7000    1805.0000
73.8000    1807.0000
73.9000    1809.0000
74.0000    1812.0000
74.1000    1815.0000
74.1400    1816.0000
74.1800    1817.0000
74.3000    1821.0000
74.4000    1823.0000
74.5000    1826.0000
74.6000    1829.0000
74.7000    1831.0000
74.8000    1832.0000
74.9000    1834.0000
75.0000    1836.0000
75.1000    1838.0000
75.2000    1839.0000
75.3000    1841.0000
75.4000    1843.0000
75.5000    1844.0000
75.6000    1846.0000
75.6800    1847.0000
75.8000    1849.0000
75.9000    1852.0000
76.0000    1859.0000
76.0500    1863.0000
76.1000    1866.0000
76.2000    1873.0000
76.3000    1881.0000
76.4000    1888.0000
76.5000    1896.0000
76.7000    1910.0000
76.8000    1914.0000
76.8900    1917.0000
76.9000    1917.0000
77.0000    1921.0000
77.1000    1924.0000
77.2000    1927.0000
77.2800    1930.0000
77.4000    1934.0000
77.4100    1934.0000
77.4900    1937.0000
77.5000    1938.0000
77.5900    1941.0000
77.6000    1941.0000
77.6800    1944.0000
77.7000    1944.0000
77.7900    1946.0000
77.8000    1946.0000
77.8900    1948.0000
77.9000    1948.0000
78.0000    1950.0000
78.0900    1952.0000
78.1000    1953.0000
78.2000    1955.0000
78.2900    1957.0000
78.3000    1957.0000
78.3700    1958.0000
78.3800    1958.0000
78.4800    1961.0000
78.5900    1963.0000
78.6000    1963.0000
78.6900    1965.0000
78.7000    1965.0000
78.7800    1967.0000
78.8900    1969.0000
78.9000    1969.0000
78.9900    1971.0000
79.0000    1971.0000
79.0900    1973.0000
79.1800    1975.0000
79.3000    1978.0000
79.4000    1980.0000
79.5000    1982.0000
79.6000    1984.0000
79.7000    1985.0000
79.8000    1987.0000
79.8900    1988.0000
80.0000    1990.0000
80.1000    1992.0000
80.2000    1993.0000
80.2700    1994.0000
80.4000    1996.0000
80.5000    1998.0000
80.6000    1999.0000
80.7000    2001.0000
80.8000    2002.0000
80.8100    2003.0000
81.2000    2009.0000
81.3000    2010.0000
81.3900    2012.0000
81.5000    2013.0000
81.6000    2015.0000
81.7000    2016.0000
81.7800    2018.0000
81.9000    2020.0000
82.0000    2021.0000
82.1000    2022.0000
82.1800    2023.0000
82.3000    2024.0000
82.4000    2025.0000
82.5000    2026.0000
82.6000    2028.0000
82.7000    2029.0000
82.8000    2030.0000
82.8900    2031.0000
82.9000    2031.0000
83.0000    2032.0000
83.1000    2033.0000
83.2000    2034.0000
83.3000    2035.0000
83.4000    2036.0000
83.5000    2037.0000
83.6000    2038.0000
83.6500    2039.0000
83.6800    2039.0000
83.8000    2040.0000
83.9000    2042.0000
84.0100    2043.0000
84.1000    2044.0000
84.2000    2045.0000
84.2900    2046.0000
84.3900    2047.0000
84.4900    2048.0000
84.5900    2049.0000
84.6900    2050.0000
84.7900    2051.0000
84.9000    2052.0000
85.0000    2053.0000
85.1000    2054.0000
85.1800    2055.0000
85.3000    2057.0000
85.4100    2058.0000
85.5000    2059.0000
85.6000    2060.0000
86.2000    2066.0000
86.3000    2067.0000
86.3900    2068.0000
86.5000    2069.0000
86.6000    2071.0000
86.7000    2072.0000
86.8000    2073.0000
86.9000    2074.0000
87.0000    2075.0000
87.1000    2076.0000
87.1800    2077.0000
87.3000    2078.0000
87.4000    2079.0000
87.5000    2081.0000
87.6000    2082.0000
87.7000    2083.0000
87.8000    2085.0000
87.8900    2086.0000
88.0000    2087.0000
88.1000    2089.0000
88.2000    2090.0000
88.2900    2091.0000
88.4000    2093.0000
88.5000    2094.0000
88.6000    2096.0000
88.6800    2097.0000
88.7900    2098.0000
88.8000    2099.0000
88.8900    2100.0000
89.0000    2101.0000
89.1000    2103.0000
89.2000    2104.0000
89.3000    2105.0000
89.3900    2107.0000
89.5000    2108.0000
89.6000    2110.0000
89.7000    2111.0000
89.7900    2112.0000
89.9000    2114.0000
90.0000    2115.0000
90.1000    2118.0000
90.1800    2119.0000
90.3000    2122.0000
90.4000    2124.0000
90.5000    2127.0000
90.6000    2129.0000
90.7000    2131.0000
90.8000    2133.0000
90.8900    2134.0000
91.0000    2136.0000
91.1000    2138.0000
91.2000    2139.0000
91.2900    2141.0000
91.3900    2142.0000
91.5000    2144.0000
91.6000    2146.0000
91.6800    2147.0000
91.8000    2150.0000
91.9000    2153.0000
92.0000    2156.0000
92.1000    2160.0000
92.2000    2163.0000
92.3000    2166.0000
92.3900    2168.0000
92.5000    2172.0000
92.6000    2175.0000
92.7000    2178.0000
92.7900    2181.0000
92.9000    2184.0000
93.0000    2187.0000
93.1000    2189.0000
93.1800    2191.0000
93.3000    2193.0000
93.4000    2195.0000
93.5000    2197.0000
93.6000    2199.0000
93.7000    2201.0000
93.8000    2203.0000
93.8900    2205.0000
94.0000    2207.0000
94.1000    2209.0000
94.2000    2211.0000
94.2900    2213.0000
94.4000    2215.0000
94.5000    2217.0000
94.6000    2219.0000
94.6700    2221.0000
94.8000    2223.0000
94.9000    2225.0000
95.0000    2227.0000
95.1000    2229.0000
95.2000    2231.0000
95.3000    2234.0000
95.3900    2237.0000
95.4000    2237.0000
95.5000    2240.0000
95.6000    2243.0000
95.6900    2246.0000
95.7000    2246.0000
95.7100    2246.0000
95.8000    2249.0000
95.9000    2252.0000
96.0000    2255.0000
96.1000    2258.0000
96.2000    2260.0000
96.3000    2263.0000
96.3500    2265.0000
96.4000    2266.0000
96.5000    2269.0000
96.6000    2272.0000
96.6800    2275.0000
96.8000    2278.0000
96.9000    2281.0000
97.0000    2284.0000
97.1000    2287.0000
97.2000    2290.0000
97.3000    2293.0000
97.4000    2296.0000
97.5000    2298.0000
97.6000    2301.0000
97.7000    2304.0000
97.8000    2309.0000
97.9000    2313.0000
97.9100    2313.0000
98.0000    2317.0000
98.1000    2321.0000
98.1800    2325.0000
98.3000    2330.0000
98.4000    2334.0000
98.5000    2338.0000
98.6000    2342.0000
98.7000    2346.0000
98.8000    2349.0000
98.9000    2352.0000
99.0000    2354.0000
99.1000    2357.0000
99.2000    2359.0000
99.3000    2362.0000
99.4100    2365.0000
99.5000    2367.0000
99.6000    2370.0000
99.6800    2372.0000
99.8000    2375.0000
99.9000    2378.0000
100.0000    2380.0000
100.1000    2383.0000
100.2000    2386.0000
100.3000    2388.0000
100.4000    2392.0000
100.5000    2395.0000
100.6000    2398.0000
100.7000    2402.0000
100.8000    2405.0000
100.9100    2409.0000
101.0000    2412.0000
101.1000    2415.0000
101.1800    2418.0000
101.3000    2422.0000
101.4000    2425.0000
101.5000    2428.0000
101.6000    2430.0000
101.7000    2431.0000
101.8000    2433.0000
101.9000    2434.0000
102.0000    2435.0000
102.1000    2437.0000
102.2000    2438.0000
102.3000    2440.0000
102.4100    2441.0000
102.5000    2443.0000
102.6100    2444.0000
102.6800    2445.0000
102.8000    2447.0000
102.9000    2449.0000
103.0000    2450.0000
103.1000    2451.0000
103.2000    2453.0000
103.3000    2454.0000
103.4000    2456.0000
103.5000    2457.0000
103.6000    2459.0000
103.7000    2460.0000
103.8000    2462.0000
103.9100    2463.0000
104.0000    2465.0000
104.1100    2466.0000
104.1800    2467.0000
104.3000    2469.0000
104.4000    2470.0000
104.5000    2472.0000
104.6000    2473.0000
104.7000    2475.0000
104.8000    2476.0000
104.9000    2478.0000
105.0000    2479.0000
105.1000    2481.0000
105.2000    2483.0000
105.3000    2484.0000
107.3100    2519.0000
107.4000    2520.0000
107.5000    2522.0000
107.6000    2524.0000
107.7000    2525.0000
107.8000    2526.0000
107.9100    2528.0000
108.0000    2529.0000
108.0200    2529.0000
108.1000    2530.0000
108.1800    2531.0000
108.3000    2533.0000
108.4000    2534.0000
108.5000    2536.0000
108.6000    2537.0000
108.7000    2538.0000
108.8000    2540.0000
108.9000    2541.0000
109.0000    2542.0000
109.1000    2544.0000
109.2000    2545.0000
109.3000    2546.0000
109.3800    2547.0000
109.4000    2547.0000
109.5000    2549.0000
109.6000    2550.0000
109.6800    2552.0000
109.8000    2555.0000
109.9000    2557.0000
110.0000    2559.0000
110.1000    2561.0000
110.2000    2564.0000
110.3000    2566.0000
110.4000    2568.0000
110.4900    2570.0000
110.6000    2573.0000
110.7000    2575.0000
110.8000    2577.0000
110.8700    2579.0000
111.0000    2582.0000
111.1000    2584.0000
111.1800    2586.0000
111.3000    2588.0000
111.4000    2591.0000
111.5000    2593.0000
111.6000    2595.0000
111.7000    2598.0000
111.8000    2600.0000
111.9000    2602.0000
