core         : ODP-677
latitude     : 1/12.138/N
longitude    : 83/44.22/W
water depth  : 3461.2
--------------------------------------------------
fullname     : oxygen isotopes based on benthic foraminifera
class        : dO18
inserted     : 24-MAY-94
remarks      : 
depth info   : none
--------------------------------------------------
  depth(m)        dO18-benth[134]
--------------------------------------------------
^
 0.4000     3.9300
 0.5000     4.2700
 0.6000     4.5800
 0.6800     4.2200
 0.8000     4.8000
 0.9000     4.9900
 0.9800     5.0700
 1.1000     5.0700
 1.2000     5.1300
 1.3000     4.9400
 1.4000     5.1900
 1.5000     4.9400
 1.6000     4.9400
 1.7000     4.7700
 1.8000     4.7800
 1.9000     4.7700
 2.0000     4.8100
 2.1000     4.6900
 2.2000     4.6400
 2.3000     4.5600
 2.4000     4.6600
 2.4700     4.7100
 2.5800     4.6000
 2.7000     4.5900
 2.8000     4.5800
 2.9000     4.3500
 3.0000     4.5800
 3.1000     4.6200
 3.2000     4.5400
 3.3000     4.5500
 3.4000     4.6700
 3.5000     4.7100
 3.6000     4.7200
 3.7000     4.7400
 3.8000     4.7800
 3.9000     4.4600
 3.9700     4.7100
 4.0000     4.5200
 4.1000     4.5300
 4.2000     4.0200
 4.3000     3.8700
 4.4000     3.8000
 4.5000     4.2700
 4.6000     3.7400
 4.7000     3.7200
 4.7800     4.0700
 4.9000     4.0800
 5.0000     4.1600
 5.1000     3.9900
 5.2000     3.8300
 5.4000     3.8500
 5.5000     3.9900
 5.6000     4.1400
 5.7000     3.4800
 5.8000     3.7200
 5.9000     3.8800
 6.0000     3.9500
 6.1000     3.6500
 6.2000     3.8300
 6.2800     4.2800
 6.4000     4.8800
 6.5000     4.7600
 6.6000     5.0200
 6.7000     5.1000
 6.8000     5.0800
 6.9000     4.7600
 7.0000     5.0600
 7.1000     4.8900
 7.2000     4.8900
 7.3000     4.8700
 7.4000     4.9500
 7.5000     4.7800
 7.6000     4.6600
 7.7000     4.9200
 7.7800     4.8200
 7.8400     4.6800
 7.9000     4.7200
 7.9300     4.6000
 8.0000     4.6900
 8.0500     4.3600
 8.1000     4.6000
 8.1700     4.5600
 8.4300     3.6200
 8.5400     3.9700
 8.7400     3.9600
 8.8400     3.7000
 9.0500     3.9700
 9.1500     4.0100
 9.3600     4.6700
 9.5000     4.5500
 9.6800     4.6900
10.0000     4.2200
10.1500     3.8700
10.3000     4.1800
10.4500     4.7100
10.5400     4.6300
10.6400     4.9200
10.7400     4.8100
10.8400     4.6900
10.9400     4.9100
11.0300     4.7800
11.1700     4.7400
11.2500     4.7000
11.3500     5.0800
11.5400     4.6400
11.7400     4.5000
11.8400     4.0700
12.0200     4.1000
12.1400     4.2600
12.2400     4.3900
12.3600     4.5200
12.4200     4.5000
12.5400     4.3000
12.6500     4.3200
12.7400     4.1200
12.8500     4.4100
12.9300     4.0800
13.0400     3.8100
13.1400     4.0700
13.2400     3.6000
13.3400     3.7300
13.4500     3.2500
13.5400     3.6900
13.6400     3.5100
13.7400     3.8100
13.8400     4.4200
13.9400     4.7800
14.0400     5.2700
14.1700     5.1200
14.2600     5.0600
14.3500     4.6800
14.4300     4.8000
14.5500     4.8700
14.6000     4.8800
14.7000     4.6500
14.7700     4.8000
14.8000     4.6100
14.8500     4.7100
14.9000     4.5600
14.9500     4.5300
15.0000     4.5400
15.0500     4.6200
15.1000     4.5900
15.1400     4.6400
15.2000     4.5900
15.2500     4.3700
15.3000     4.4500
15.3500     4.5600
15.4000     4.4700
15.5000     4.4100
15.5500     4.1200
15.6000     4.2900
15.6700     4.3300
15.7000     4.2000
15.7500     4.2700
15.7800     4.0100
15.8500     3.8800
15.9000     3.7900
15.9300     3.8500
16.0000     4.0100
16.0800     3.6100
16.1400     3.7100
16.2400     3.4900
16.4500     3.5000
16.5400     3.3900
16.6400     3.7700
16.7400     4.0100
16.8400     4.6100
16.9300     4.7200
17.0300     4.8300
17.3500     4.3000
17.5500     4.5800
17.6500     4.6200
17.7500     4.6500
17.8500     4.7000
17.9200     4.6300
18.0500     4.6600
18.1500     4.2700
18.3000     4.6300
18.4100     4.5100
18.4500     4.4100
18.5500     4.5100
18.6500     4.4100
18.7500     4.4000
18.8500     4.2700
18.9500     4.0300
19.0500     4.0300
19.1500     3.8900
19.2500     3.7600
19.5000     3.8900
19.6500     3.8900
19.7300     3.7600
19.8500     3.7800
19.9000     3.9400
19.9500     3.9500
20.1500     4.2200
20.2500     4.2300
20.3500     4.2300
20.4500     4.3300
20.5500     4.1400
20.6500     4.2200
20.7500     4.0300
20.8400     3.8200
20.9000     4.0000
21.0300     4.1000
21.1000     4.0700
21.2200     4.6900
21.3400     4.4200
21.4500     4.3100
21.5500     4.3200
21.6500     4.5000
21.7500     4.6300
21.9500     4.5300
22.0500     4.2400
22.1500     4.0600
22.2500     3.7700
22.3500     3.7200
22.4200     3.5800
22.5500     3.4800
22.6000     3.7900
22.6400     4.2500
22.7000     4.4100
22.7500     4.0600
22.7900     4.3300
22.8500     4.0700
22.9000     3.9600
23.0000     4.1800
23.1000     4.1600
23.2500     4.0800
23.3000     4.3400
23.3500     4.2300
23.4000     4.1400
23.4500     4.0000
23.5000     4.0400
23.5500     4.1800
23.6000     3.9800
23.6500     3.9200
23.7000     3.6900
23.7500     3.7100
23.8500     3.7800
23.9200     3.6500
24.0500     4.4100
24.1500     4.6000
24.2200     4.7400
24.3500     5.1800
24.4000     4.8900
24.5500     4.7700
24.6500     4.9500
24.7500     5.0500
24.8500     5.0600
24.9500     4.9600
25.0500     4.6800
25.1500     4.6900
25.2500     4.7200
25.3200     4.7400
25.3500     4.7800
25.4200     4.8400
25.5500     4.8300
25.6400     4.9200
25.6500     4.7500
25.7300     4.5600
25.7500     4.6200
25.8400     4.7100
25.8700     4.5300
25.9400     4.9200
25.9500     4.8100
26.0400     4.4100
26.1400     4.6200
26.1800     4.3300
26.2500     4.3500
26.3500     4.2400
26.4500     4.2300
26.5000     4.3200
26.5500     4.2800
26.6000     4.3300
26.6400     4.1600
26.7000     4.2000
26.7400     4.0100
26.8000     3.6700
26.8300     4.4700
26.8400     3.8900
26.9000     3.9200
27.0000     3.9700
27.1000     4.0900
27.2000     4.1800
27.3000     4.3200
27.4000     4.2500
27.5000     4.5000
27.6000     4.5300
27.7000     4.6900
27.8000     4.7900
27.9000     4.9000
28.0000     4.9700
28.1000     4.5700
28.1400     4.4100
28.2000     4.3800
28.2400     4.3700
28.3000     4.3600
28.3400     4.3300
28.4000     4.2000
28.4100     4.4100
28.7700     4.3700
28.8500     4.3300
28.9500     4.6300
29.0500     4.7300
29.1200     4.7600
29.2500     4.7100
29.3500     4.6400
29.4600     4.6700
29.5500     4.5800
29.6500     4.3700
29.7500     4.3900
29.8500     4.5200
29.9400     4.6000
30.0500     4.2400
30.1600     4.0200
30.2400     3.8500
30.3100     3.8000
30.4300     3.6600
30.5500     3.7300
30.6500     3.8800
30.7400     4.0100
30.8500     4.6100
30.9500     4.5800
31.0500     4.6900
31.1500     4.7100
31.2500     4.6800
31.3500     4.6500
31.4500     4.7000
31.5200     4.6700
31.6200     4.4700
31.7400     4.0900
31.8400     4.1900
31.9300     3.9200
32.0400     3.9800
32.1500     4.1400
32.2500     4.0400
32.3500     4.2000
32.4500     4.0600
32.5500     4.0600
32.7500     4.1200
32.8500     3.9800
32.9500     3.8600
33.0500     3.8700
33.1500     3.8200
33.2500     3.7100
33.3400     3.9700
33.4300     3.8900
33.5500     3.7100
33.6500     3.4900
33.7500     4.0100
33.8500     3.6400
33.9500     4.1800
34.0500     4.4900
34.1500     4.6200
34.2500     5.0900
34.3500     4.9900
34.4500     5.0400
34.5500     4.8600
34.6700     4.7600
34.7000     4.5800
34.7500     4.7500
34.8000     4.6000
34.8500     4.7500
34.9000     4.5500
34.9300     4.7400
35.0300     4.5400
35.0500     4.7400
35.1000     4.6200
35.1500     4.6000
35.2000     4.4900
35.2500     4.3700
35.3000     4.4800
35.3500     4.3700
35.3600     4.2100
35.4500     4.2100
35.5000     4.3300
35.5500     4.0200
35.6000     4.1800
35.6500     4.2600
35.7300     4.2900
35.7500     4.2100
35.8000     4.3000
35.8500     4.4800
35.8800     4.3600
36.0000     4.6000
36.0500     4.5900
36.1000     4.6100
36.1500     4.5600
36.2000     4.4900
36.2500     4.4000
36.3000     4.4900
36.3500     4.4300
36.4100     4.2200
36.4300     4.2000
36.5000     4.2500
36.5500     4.2600
36.6000     4.1600
36.6500     4.2000
36.7000     4.0300
36.7500     4.1800
36.8000     3.8300
36.8500     4.2000
36.9200     3.9100
37.0000     3.8100
37.0500     3.9700
37.1000     3.7300
37.1500     3.6500
37.2300     3.6100
37.2500     3.6600
37.3000     3.4400
37.3600     3.5600
37.4100     3.4600
37.4500     3.8400
37.5000     3.6000
37.5500     3.5400
37.6000     3.5400
37.6500     3.8100
37.7500     4.3100
37.8500     4.4000
37.9500     4.6400
38.0200     4.3300
38.1500     4.1900
38.2500     4.2700
38.3300     4.0900
38.4300     4.0700
38.5500     4.1400
38.6500     4.2000
38.7500     4.0000
38.8600     4.2400
38.9500     4.1300
39.0500     4.0900
39.1500     3.8600
39.3500     4.3000
39.4600     4.1000
39.5700     4.3100
39.6500     4.1700
39.7500     4.0300
39.8300     3.9000
39.9200     4.0200
40.0500     3.8500
40.1500     3.9100
40.2500     4.0100
40.3500     4.0500
40.4500     4.3500
40.5500     4.4700
40.6300     4.6200
40.7500     4.4700
40.8500     4.5900
40.9500     4.1900
41.0100     4.3000
41.1500     4.2700
41.2500     4.3700
41.3300     4.3600
41.4200     4.3700
41.5500     4.4200
41.6500     3.6900
41.7500     3.5700
41.8500     3.4800
41.9500     3.4400
42.0500     3.4300
42.1500     3.4500
42.2500     3.6500
42.3500     3.7400
42.4500     3.8500
42.5200     4.0600
42.6500     4.0700
42.7500     4.0600
42.8300     4.2700
42.9200     4.1300
43.0500     4.1800
43.1500     4.2600
43.2500     4.4300
43.3500     4.2200
43.4500     4.0400
43.5500     3.8700
43.6500     3.8200
43.7500     3.8000
43.8500     4.2600
43.9500     4.2600
44.0100     4.6200
44.1500     4.3300
44.2000     4.3800
44.2500     4.6900
44.3000     4.3700
44.3300     4.6100
44.3800     4.6000
44.4200     4.6100
44.5300     4.5500
44.5500     4.7100
44.6000     4.5800
44.6500     4.4200
44.7000     3.8000
44.7500     4.3000
44.8000     4.5300
44.8500     4.5000
44.9100     4.4000
44.9500     4.1800
45.0200     4.1500
45.0500     4.0400
45.1000     4.0500
45.1500     4.1700
45.2300     4.1100
45.3000     4.1500
45.4100     4.0000
45.5100     4.0000
45.6000     3.9800
45.7000     3.9300
45.8000     3.9800
45.9100     3.9600
46.0000     3.9700
46.1000     3.7300
46.2000     3.7400
46.3000     3.7800
46.3500     3.7400
46.4100     3.8200
46.4500     3.9200
46.5100     3.8000
46.5500     3.7100
46.6000     3.7100
46.6500     3.7200
46.7300     3.8300
46.7500     3.9600
46.8000     3.8800
46.8700     3.9600
46.9100     3.8500
46.9500     3.9800
47.0000     3.8800
47.0300     4.0100
47.1000     3.8800
47.1500     3.4000
47.2500     3.7100
47.3500     4.1500
47.4500     4.0000
47.5500     3.9300
47.5600     3.8800
47.6500     4.2700
47.7500     4.3300
47.8500     4.5100
47.9500     4.4900
48.0500     4.4100
48.1500     4.4600
48.2500     4.4900
48.3500     4.3600
48.4500     4.3200
48.5300     4.3500
48.5500     4.2000
48.6500     3.8800
48.7500     4.2500
48.8500     4.1500
48.9500     3.9600
49.0600     3.7800
49.1500     3.5400
49.2500     3.5700
49.3500     3.5800
49.4500     3.4800
49.5500     3.4200
49.6600     3.4600
49.7500     3.0400
49.8500     3.7100
49.9500     3.8500
50.0500     4.0700
50.1500     4.4200
50.6500     3.9900
50.7500     4.3500
50.8500     4.2100
50.9300     4.0000
51.0400     3.9300
51.2400     3.8300
51.3400     3.5900
51.4400     3.8600
51.5100     3.9700
51.6500     4.4000
51.7500     4.3500
51.8500     4.3000
51.9500     4.2400
52.0600     4.4300
52.1500     4.0800
52.2500     4.2800
52.3500     4.2500
52.4500     4.0600
52.5500     4.1000
52.6500     3.9000
52.7500     3.7800
52.8500     3.8600
52.9500     3.6000
53.0200     3.8000
53.0600     3.8500
53.1500     4.3100
53.2500     4.2300
53.3500     4.2800
53.4500     4.3300
53.5500     4.5200
53.6500     4.3300
53.7500     4.3200
53.8500     4.1800
53.9500     4.3800
54.0000     4.0100
54.0500     4.2300
54.1300     4.1000
54.1500     4.2100
54.2000     3.5600
54.2500     4.1000
54.2800     3.6700
54.3500     3.7400
54.4000     3.4100
54.4500     3.6200
54.5000     3.4300
54.5200     3.4400
54.6000     3.5400
54.6500     3.5700
54.7000     3.7800
54.7500     3.6900
54.8000     3.9100
54.8500     3.4900
54.9300     4.0400
54.9500     3.6300
55.0000     4.1600
55.1000     4.1500
55.1500     4.1400
55.2000     4.0600
55.2500     4.0200
55.3000     4.3000
55.3300     4.2800
55.4000     4.3000
55.4500     4.3600
55.5000     4.0100
55.5500     4.3400
55.6000     4.3100
55.6400     4.4300
56.1000     4.1000
56.2000     4.2000
56.3000     3.8300
56.4000     3.7100
56.5000     3.9900
56.6000     3.5400
56.7000     3.7300
56.8000     3.7700
56.9000     3.5200
57.0000     3.5200
57.1200     3.5100
57.2000     3.6600
57.3000     3.7200
57.4000     3.8400
57.5000     3.7500
57.5600     4.0300
57.6000     4.0500
57.6500     3.5000
57.7000     3.7500
57.7500     4.0100
57.8000     3.9000
57.8500     4.2100
57.9000     4.2700
57.9500     4.3300
58.0500     4.3900
58.1000     4.3100
58.1500     4.0300
58.2000     4.1400
58.2500     4.3000
58.3000     4.2100
58.3500     4.1800
58.4000     4.2400
58.4500     4.1100
58.5000     4.2500
58.5500     3.9700
58.6000     3.9100
58.6500     4.0200
58.7000     3.8700
58.7500     3.9300
58.8500     3.7500
58.9000     3.4400
58.9500     3.4300
58.9800     3.3100
59.1000     3.2700
59.2000     3.4700
59.3000     3.2800
59.4000     3.5300
59.5000     3.4300
59.6000     3.4900
59.7000     3.3700
59.8000     3.7500
59.9000     3.8100
60.0000     4.3400
60.1000     4.4300
60.2000     4.0500
60.3000     4.1200
60.4000     4.4000
60.5000     4.1700
60.6000     3.8100
60.7000     3.5200
60.8000     3.4900
60.9000     3.5300
61.0000     3.5700
61.1000     3.5200
61.2000     3.6600
61.3000     3.3900
61.4000     3.7400
61.5000     3.7800
61.6000     4.2200
61.7000     4.2500
61.8000     4.1300
61.9000     4.2600
61.9800     4.3600
62.1000     4.3100
62.2000     3.8800
62.3000     3.6700
62.4000     3.8800
62.5000     3.7100
62.6000     3.8500
62.7000     3.7900
62.8000     3.9200
62.9000     4.0400
63.0000     4.2900
63.1000     4.3700
63.2000     4.5800
63.3000     4.4900
63.4000     4.1200
63.4800     3.9400
63.7000     3.7700
63.8000     3.8400
63.9000     3.9700
64.0000     3.9000
64.1000     3.6600
64.2000     3.3300
64.3000     3.7500
64.4000     4.3200
64.5000     4.4500
64.6000     4.2400
64.6200     4.1600
64.7000     4.0300
64.8000     4.1800
64.9000     3.7600
64.9800     3.7200
65.0000     3.7400
65.1000     4.3800
65.2000     3.7500
65.3000     3.6100
65.4000     3.6200
65.5000     3.4500
65.5700     3.4800
65.6000     3.4000
65.7000     3.8200
65.8000     3.8400
65.9000     3.7800
65.9800     3.8900
66.0000     3.6700
66.0800     3.8200
66.2000     3.7000
66.3000     3.7400
66.4000     4.0200
66.5000     3.5900
66.7000     3.7000
66.8000     3.6100
66.9000     3.9500
67.0000     4.2600
67.0800     4.1700
67.2000     4.3400
67.3000     4.1700
67.4000     4.2800
67.5000     4.4000
67.6000     4.1700
67.7000     4.2800
67.8000     4.2200
67.9000     4.1500
68.0000     4.0400
68.1000     3.9400
68.1800     3.8200
68.2000     3.8600
68.3000     3.6900
68.4000     3.6600
68.5000     3.7300
68.6000     4.1600
68.7000     3.8300
68.8000     4.0600
68.9000     3.8900
69.0000     4.1100
69.1000     4.3900
69.2000     4.4900
69.3000     4.5500
69.4100     4.3600
69.5000     4.4400
69.6000     4.0600
69.6800     4.2200
69.8000     4.0800
69.9000     3.8800
70.0000     3.9100
70.1000     4.0400
70.2000     4.1700
70.3100     3.9900
70.4000     4.0000
70.5000     4.0900
70.6000     4.0600
70.7000     3.8300
70.8000     4.0200
70.9000     4.0000
71.1000     4.2500
71.1800     4.4700
71.3000     4.4600
71.4000     4.5500
71.5500     4.0900
71.7500     3.9300
71.8000     3.4600
71.9500     3.8800
72.1000     3.4400
72.2500     3.4100
72.4000     3.5700
72.5000     3.6100
72.6000     3.9600
72.6800     3.8500
72.8000     4.1100
72.9000     4.1500
73.0000     4.2300
73.1000     4.2100
73.2000     4.3700
73.3000     4.1400
73.4000     4.2100
73.5000     4.2500
73.6000     4.0500
73.7000     4.0400
73.8000     3.6500
73.9000     3.8900
74.0000     3.6400
74.1000     3.7800
74.1800     3.9300
74.3000     4.1000
74.4000     3.9300
74.5000     3.5800
74.6000     3.8200
74.7000     3.8800
74.8000     3.8800
74.9000     3.7100
75.0000     4.1600
75.1000     3.9300
75.2000     3.9000
75.3000     4.0900
75.4000     3.8500
75.5000     3.9700
75.6000     3.8200
75.6800     3.7700
75.8000     3.6400
75.9000     4.0000
76.0000     4.1900
76.0500     3.9500
76.1000     3.7000
76.2000     3.7300
76.3000     4.4900
76.4000     4.3000
76.5000     3.9800
76.7000     4.1900
76.8000     4.0700
76.8900     4.1200
77.0000     3.8600
77.1000     3.9200
77.2000     3.7900
77.2800     3.8600
77.4000     3.6600
77.4100     3.6700
77.4900     3.7700
77.5000     3.5600
77.5900     3.7000
77.6000     3.6800
77.6800     3.9300
77.7000     3.6100
77.7900     3.5100
77.8000     3.7100
77.8900     3.8600
77.9000     4.0800
78.0000     3.8900
78.0900     4.3100
78.1000     4.1800
78.2000     4.4800
78.2900     4.3200
78.3700     4.2000
78.4800     4.1900
78.5900     4.3000
78.6900     4.1300
78.7800     4.0000
78.8900     3.9300
78.9900     3.8700
79.0900     3.8000
79.1800     3.9600
79.3000     3.6500
79.4000     3.5200
79.5000     3.5400
79.6000     3.3300
79.7000     3.7000
79.8000     3.7000
79.8900     3.9500
80.0000     4.2300
80.1000     4.2600
80.2000     4.2500
80.2700     4.2200
80.4000     3.8900
80.5000     4.2300
80.6000     3.9400
80.7000     3.9100
80.8000     3.7700
81.2000     3.7000
81.3000     3.6500
81.3900     3.6300
81.5000     3.5300
81.6000     3.4900
81.7000     3.4200
81.7800     3.6400
81.9000     3.1300
82.0000     3.4500
82.1000     3.5800
82.1800     3.4100
82.3000     3.7600
82.4000     3.8000
82.5000     3.8800
82.6000     3.6300
82.7000     3.8400
82.8000     3.8000
82.9000     3.6900
83.0000     3.8800
83.1000     4.0400
83.2000     4.0300
83.3000     4.0200
83.4000     3.6300
83.5000     3.9800
83.6500     3.9200
83.8000     3.9500
83.9000     3.9500
84.0100     4.0000
84.1000     3.9900
84.2000     4.2500
84.2900     4.0900
84.3900     3.9000
84.4900     3.8700
84.5900     4.1100
84.6900     4.0400
84.7900     3.9800
84.9000     3.7600
85.0000     3.7200
85.1000     4.0000
85.1800     3.8000
85.3000     3.7500
85.4100     3.6700
85.5000     3.7200
85.6000     3.9200
86.3000     4.2700
86.5000     4.0600
86.6000     4.2000
86.7000     4.0700
86.9000     4.1800
87.0000     4.3900
87.1000     4.2600
87.1800     4.4500
87.3000     4.4900
87.4000     4.4900
87.5000     4.4400
87.6000     4.4900
87.7000     4.4100
87.8000     4.4000
87.8900     4.0100
88.0000     4.3400
88.1000     4.2500
88.2000     4.2000
88.2900     4.1800
88.4000     4.4500
88.5000     4.2300
88.6000     4.3200
88.6800     4.1000
88.8000     3.9700
88.8900     3.9500
89.0000     3.9500
89.1000     3.8000
89.2000     3.8900
89.3000     3.7600
89.3900     3.7700
89.5000     3.8300
89.6000     3.7100
89.7000     3.8000
89.7900     3.6900
89.9000     3.9300
90.0000     3.6000
90.1000     3.7100
90.1800     3.6600
90.3000     4.3800
90.4000     4.1800
90.5000     4.0100
90.6000     4.2400
90.7000     3.7000
90.8000     3.5900
90.8900     3.3800
91.0000     3.4700
91.1000     3.4800
91.2000     3.6500
91.2900     4.3700
91.3900     4.4400
91.5000     4.5400
91.6000     4.4400
91.6800     4.4700
91.8000     4.3000
91.9000     4.3600
92.0000     4.2600
92.1000     4.2400
92.2000     4.0900
92.3000     4.0000
92.3900     3.9400
92.5000     3.8200
92.6000     3.6800
92.7000     3.7600
92.7900     3.6000
92.9000     3.6700
93.0000     3.5200
93.1000     3.8600
93.1800     3.9200
93.3000     4.1600
93.4000     4.1300
93.5000     4.0700
93.6000     3.9900
93.7000     4.1500
93.8000     4.1400
93.8900     4.0600
94.0000     4.2200
94.1000     4.0400
94.2000     3.9300
94.2900     3.9900
94.4000     3.3900
94.5000     3.9500
94.6000     3.7400
94.6700     3.7400
94.8000     3.5900
94.9000     3.3200
95.0000     3.6200
95.1000     4.0300
95.2000     3.4700
95.3000     3.9700
95.3900     3.9000
95.4000     3.9400
95.5000     3.9000
95.6000     3.8500
95.6900     4.1000
95.7000     3.6400
95.7100     4.1100
95.8000     3.6400
95.9000     3.2400
96.0000     3.4400
96.1000     3.1000
96.2000     3.2100
96.3000     3.5100
96.3500     3.4600
96.4000     3.7600
96.5000     3.8000
96.6000     3.9300
96.6800     3.5600
96.8000     3.4800
96.9000     3.8000
97.0000     3.9000
97.1000     3.9000
97.2000     3.8100
97.3000     3.7000
97.4000     4.0300
97.5000     3.9500
97.6000     3.7200
97.7000     3.5700
97.8000     3.7900
97.9100     3.7100
98.0000     3.5200
98.1000     3.5000
98.1800     3.4400
98.3000     3.5400
98.4000     3.3000
98.5000     3.4900
98.6000     3.5900
98.7000     3.0700
98.8000     3.8400
98.9000     3.8000
99.0000     3.7300
99.1000     4.0500
99.2000     3.6200
99.3000     3.7300
99.4100     3.5800
99.5000     3.7400
99.6000     3.9300
99.6800     3.9900
99.8000     3.9600
99.9000     3.8300
100.0000     3.8000
100.1000     3.6500
100.2000     3.7100
100.3000     3.9000
100.4000     3.6900
100.5000     3.9600
100.6000     4.0000
100.7000     3.7900
100.8000     3.9400
100.9100     3.7000
101.0000     3.6500
101.1000     3.7100
101.1800     3.8100
101.3000     3.5900
101.4000     3.5800
101.5000     3.3000
101.6000     3.5900
101.7000     3.4000
101.8000     3.4700
101.9000     3.5300
102.0000     3.5900
102.1000     3.7300
102.2000     3.7700
102.3000     4.3800
102.4100     4.4900
102.5000     4.4700
102.6100     4.2900
102.6800     4.5300
102.8000     4.2700
102.9000     4.1300
103.0000     4.0700
103.1000     4.1800
103.2000     3.8600
103.3000     3.6400
103.4000     4.1700
103.5000     3.8100
103.6000     3.8700
103.7000     3.5600
103.8000     3.4400
103.9100     3.6600
104.0000     3.5200
104.1100     3.4900
104.1800     3.5200
104.3000     3.5700
104.4000     3.5800
104.5000     3.3200
104.6000     3.4400
104.7000     3.4800
104.8000     3.5400
104.9000     3.9200
105.0000     3.8800
105.1000     4.1800
105.2000     4.4500
105.3000     4.5600
107.3100     3.5600
107.4000     3.6400
107.5000     3.7200
107.6000     4.2200
107.7000     4.1100
107.8000     4.4400
107.9100     4.3900
108.0200     4.4100
108.1000     4.4400
108.1800     4.4000
108.3000     4.3600
108.4000     4.1400
108.5000     3.7900
108.6000     4.0400
108.7000     4.2300
108.8000     4.2100
109.0000     3.6100
109.1000     4.5300
109.2000     3.3500
109.3000     3.2900
109.3800     3.1300
109.5000     3.4400
109.6000     3.5300
109.6800     3.6300
109.8000     3.7200
109.9000     3.7000
110.0000     3.7300
110.1000     3.9000
110.2000     3.8100
110.3000     3.6700
111.0000     3.4400
111.1000     3.4700
111.1800     3.5200
111.3000     3.1700
111.4000     3.6400
111.5000     3.3400
111.6000     3.8300
111.7000     3.7300
111.8000     3.7300
