core         : ODP-677
latitude     : 1/12.138/N
longitude    : 83/44.22/W
water depth  : 3461.2
--------------------------------------------------
fullname     : oxygen isotopes based on G.ruber
class        : dO18
inserted     : 24-MAY-94
remarks      : 
depth info   : none
--------------------------------------------------
  depth(m)        dO18-G.ruber[133]
--------------------------------------------------
^
 0.4000    -2.2200
 0.5000    -1.7300
 0.6000    -1.1600
 0.6800    -1.2300
 0.8000    -1.1200
 0.9000    -0.8700
 0.9800    -0.6900
 1.1000    -0.4500
 1.2000    -0.6600
 1.3000    -0.4600
 1.4000    -0.6300
 1.5000    -0.7300
 1.6000    -0.7700
 1.7000    -0.8400
 1.8000    -0.6200
 1.9000    -0.9700
 2.0000    -1.2100
 2.1000    -1.0500
 2.2000    -1.1000
 2.3000    -1.2900
 2.4000    -1.2600
 2.4700    -1.1200
 2.5800    -1.2400
 2.7000    -1.1700
 2.8000    -1.3500
 2.9000    -1.1600
 3.0300    -1.5500
 3.1000    -1.4100
 3.2000    -1.5200
 3.3000    -1.4700
 3.4000    -1.4800
 3.5000    -1.1300
 3.6000    -1.2200
 3.7000    -1.2100
 3.8000    -1.2000
 3.9000    -1.1200
 3.9700    -1.0600
 4.0000    -1.2000
 4.0800    -1.3700
 4.1000    -1.2100
 4.2000    -1.4300
 4.3000    -1.5900
 4.4000    -1.6600
 4.5000    -1.8300
 4.6000    -1.9100
 4.7000    -1.7900
 4.7800    -1.5800
 4.8000    -1.4700
 4.9000    -1.1800
 4.9800    -1.6600
 5.0000    -1.6600
 5.1000    -1.7400
 5.1300    -1.5300
 5.2000    -1.7100
 5.3000    -1.9100
 5.4000    -1.9100
 5.5000    -1.8500
 5.6000    -1.7300
 5.7000    -1.4400
 5.8000    -1.8100
 5.9000    -1.8300
 6.0000    -1.7300
 6.1000    -2.5000
 6.2000    -1.7000
 6.2800    -1.3400
 6.4000    -0.5100
 6.5000    -0.5300
 6.6000    -0.5700
 6.7000    -0.5700
 6.8000    -0.5600
 6.9000    -0.6500
 7.0000    -0.7800
 7.1000    -0.9500
 7.2000    -0.9500
 7.3000    -0.5700
 7.4000    -0.8700
 7.5000    -0.6000
 7.6000    -0.7100
 7.7000    -0.6000
 7.7800    -0.6900
 7.9000    -0.7900
 7.9300    -0.8400
 8.0000    -0.7500
 8.0500    -0.8600
 8.1000    -1.1400
 8.1700    -1.8100
 8.4300    -1.6400
 8.5400    -1.7100
 8.7400    -1.4700
 8.8400    -1.5900
 8.9500    -1.6000
 9.0500    -2.0800
 9.1500    -1.3800
 9.2600    -1.1900
 9.3600    -1.1500
 9.4500    -1.1600
 9.5500    -1.0400
 9.6800    -0.9000
10.1500    -1.7100
10.2400    -1.6200
10.3400    -1.2300
10.4500    -0.6900
10.5400    -0.9400
10.6400    -0.8100
10.7400    -0.8100
10.8400    -0.8100
10.9400    -0.9100
11.0300    -0.9900
11.1700    -0.8300
11.2500    -0.9900
11.3500    -0.6700
11.4400    -1.0300
11.5400    -1.0700
11.6400    -1.0500
11.7400    -1.1000
11.9500    -1.5300
12.0200    -2.1800
12.1400    -1.9600
12.2400    -1.3700
12.3600    -1.3900
12.4200    -1.4100
12.5400    -1.6200
12.6500    -1.7100
12.7400    -1.6700
12.8500    -1.7400
12.9300    -1.7200
13.0400    -1.8400
13.1400    -1.9600
13.2400    -2.0700
13.3400    -1.8200
13.4500    -2.1400
13.5400    -2.5400
13.6400    -2.1800
13.7400    -1.1300
13.8400    -0.9200
13.9400    -0.3700
14.0400    -0.5500
14.1700    -0.5700
14.2600    -0.9000
14.3500    -1.2100
14.4300    -0.7700
14.5500    -1.2000
14.6000    -0.7400
14.6500    -0.8200
14.7000    -1.2100
14.7700    -0.9700
14.8000    -0.9700
14.9000    -0.6200
14.9500    -1.3500
15.0000    -1.3100
15.0500    -1.3000
15.1000    -1.3400
15.1400    -1.1500
15.2000    -1.5600
15.2500    -1.1100
15.3000    -1.4200
15.3500    -1.1400
15.4000    -1.4600
15.4500    -1.3000
15.5000    -1.5500
15.5500    -1.8300
15.6000    -1.5900
15.6700    -1.3300
15.7000    -1.6900
15.7500    -1.6700
15.7800    -1.9400
15.8500    -1.8000
15.9000    -2.0200
15.9300    -1.8400
16.0000    -2.2000
16.0500    -2.2200
16.0800    -2.3100
16.1400    -2.4800
16.2400    -2.5000
16.3400    -2.6600
16.4500    -2.3800
16.5400    -2.3400
16.6400    -2.0300
16.7400    -1.6800
16.8400    -1.4500
16.9300    -0.5100
17.0300    -0.6400
17.3500    -0.4600
17.4500    -0.6300
17.5500    -0.9100
17.6500    -0.7500
17.7500    -0.8700
17.8500    -0.6700
17.9200    -0.8300
18.0500    -1.1000
18.1500    -1.1100
18.2300    -1.0800
18.3500    -1.4400
18.4100    -1.3500
18.4500    -1.4000
18.5500    -1.2300
18.6500    -1.4800
18.7500    -1.3400
18.8500    -1.3500
18.9500    -1.7000
19.0500    -1.9100
19.1500    -1.9000
19.2500    -2.0500
19.3500    -1.9900
19.4200    -1.8400
19.5500    -1.7300
19.6500    -1.6100
19.7300    -1.7300
19.8500    -1.8400
19.9500    -1.6200
20.0500    -1.5000
20.1500    -1.5300
20.2500    -1.3000
20.3500    -1.1700
20.4500    -1.3200
20.5500    -1.3400
20.6500    -1.4000
20.7500    -1.4300
20.8400    -1.6900
20.9200    -1.6300
21.0300    -1.5200
21.1400    -1.5200
21.2200    -1.2900
21.3400    -1.1000
21.4500    -1.4200
21.5500    -1.3100
21.6500    -1.3600
21.7500    -1.6700
21.8500    -1.5500
21.9500    -1.6600
22.0500    -2.1500
22.1500    -1.9600
22.2500    -2.2300
22.3500    -1.9200
22.4200    -2.1600
22.5500    -2.2000
22.6000    -1.4500
22.6400    -1.6600
22.7000    -1.4200
22.7500    -1.5500
22.7900    -1.4300
22.8500    -1.5100
22.9000    -1.7900
23.1000    -1.7200
23.2000    -1.8200
23.2500    -1.8100
23.3000    -1.9400
23.3500    -1.5800
23.4000    -1.9200
23.4500    -1.6800
23.5000    -1.6500
23.5500    -1.5800
23.6000    -1.7000
23.6500    -1.7200
23.7500    -2.2300
23.8000    -1.9300
23.8500    -2.0200
23.9000    -1.8900
23.9200    -1.8300
23.9500    -1.7800
24.0000    -1.4400
24.0500    -0.9800
24.1000    -0.9800
24.1500    -0.9200
24.2200    -0.4300
24.3500    -0.5200
24.4500    -0.3100
24.5500    -0.7100
24.6500    -0.4800
24.7500    -0.6100
24.8500    -0.6500
24.9500    -0.5200
25.0500    -0.9500
25.1500    -0.8000
25.2500    -0.6500
25.3500    -0.9200
25.4200    -0.7700
25.5500    -0.6600
25.6400    -0.9700
25.6500    -0.9700
25.7300    -1.1100
25.8400    -1.2700
25.9400    -1.0400
26.0400    -1.3900
26.1400    -1.5000
26.2500    -1.4000
26.3500    -1.3700
26.4500    -1.8000
26.5500    -1.7400
26.6000    -1.7100
26.6400    -1.9100
26.7000    -2.0400
26.7400    -1.9100
26.8000    -1.9400
26.8400    -1.8300
26.9000    -1.8300
27.0000    -1.6300
27.1000    -1.6000
27.2000    -1.3700
27.3000    -1.1800
27.4000    -1.5100
27.5000    -1.5900
27.6000    -1.4400
27.7000    -0.7300
27.8000    -0.7300
27.9000    -0.7400
28.0000    -0.9800
28.0600    -0.9200
28.1000    -0.9400
28.1400    -1.1100
28.2000    -1.1700
28.2400    -1.2800
28.3000    -1.2900
28.3400    -1.4200
28.4000    -1.4500
28.4100    -1.3600
28.7700    -0.9800
28.8500    -1.0600
28.9500    -0.9400
29.0500    -0.9600
29.1200    -0.8000
29.2500    -1.1000
29.3500    -1.1400
29.4600    -1.0700
29.5500    -1.1400
29.6500    -1.3900
29.7500    -1.3100
29.8500    -1.7400
29.9400    -1.5700
30.0500    -1.7700
30.1600    -1.7200
30.2400    -1.7100
30.3100    -1.7400
30.4300    -2.1100
30.5500    -1.6300
30.6500    -1.4700
30.7400    -1.1300
30.8500    -0.6600
30.9500    -0.6200
31.0500    -0.6700
31.1500    -0.7300
31.2500    -0.4900
31.3500    -0.8800
31.4500    -1.0700
31.5200    -1.1800
31.6200    -1.0800
31.7400    -1.0900
31.8400    -1.3200
31.9300    -1.4700
32.0400    -1.7200
32.1500    -1.7500
32.2500    -1.4300
32.3500    -1.8900
32.4500    -1.7700
32.5500    -1.7000
32.6500    -1.5700
32.7500    -1.7500
32.8500    -1.7500
32.9500    -1.7200
33.0500    -1.7700
33.1500    -1.8700
33.2500    -1.5200
33.3400    -1.6000
33.4300    -1.6000
33.5500    -1.8000
33.6500    -1.7800
33.7500    -1.7100
33.8500    -1.7000
33.9500    -0.8000
34.0500    -0.8300
34.1500    -0.3500
34.2500    -0.2700
34.3500    -0.4000
34.4500    -0.8100
34.5500    -0.9500
34.6500    -0.7300
34.6700    -0.7000
34.7000    -0.8300
34.7500    -0.7400
34.8000    -0.7500
34.8500    -0.6900
34.9000    -0.6900
34.9300    -0.7800
35.0300    -0.6800
35.0500    -0.7400
35.1000    -0.7300
35.1500    -0.9600
35.2000    -0.7500
35.2500    -1.1800
35.3000    -0.9200
35.3500    -1.0100
35.3600    -1.3000
35.4500    -1.3200
35.5000    -1.3000
35.5500    -1.4500
35.6000    -1.3400
35.6500    -1.3400
35.7300    -1.2500
35.7500    -1.2600
35.8000    -1.3600
35.8500    -0.7600
35.8800    -0.8000
36.0000    -0.9600
36.0500    -0.9500
36.1000    -0.9500
36.1500    -1.2000
36.2000    -1.0300
36.2500    -1.0000
36.3000    -1.1600
36.3500    -1.1400
36.4300    -1.4300
36.5000    -1.2600
36.5500    -1.4800
36.6000    -1.4300
36.6500    -1.2400
36.7000    -1.3400
36.7500    -1.4400
36.8000    -1.3600
36.8500    -1.4000
36.9200    -1.7200
37.0000    -1.3500
37.0500    -1.4600
37.1000    -1.5500
37.1500    -1.6500
37.2300    -1.7600
37.2500    -1.8200
37.3000    -1.8900
37.3600    -2.2800
37.4100    -1.7300
37.4500    -1.8200
37.5000    -2.2400
37.5500    -1.7500
37.6000    -1.6100
37.6500    -1.2200
37.7500    -0.9700
37.8500    -0.6300
37.9500    -0.8700
38.0200    -0.8500
38.0500    -1.3800
38.1500    -1.3800
38.2500    -1.7100
38.3300    -1.6800
38.3500    -1.3700
38.4300    -1.8200
38.4500    -1.8000
38.5500    -1.2500
38.6500    -1.6200
38.7500    -1.4300
38.8500    -1.3600
38.8600    -1.3100
38.9500    -1.3400
39.0500    -1.5600
39.1500    -1.5500
39.2500    -1.4400
39.3500    -1.2000
39.4600    -1.1200
39.5700    -1.1400
39.6500    -1.3500
39.7500    -1.5500
39.8300    -1.2600
39.9200    -1.4000
40.0500    -1.7100
40.1500    -1.6900
40.2500    -1.5600
40.3500    -1.2800
40.4500    -1.1600
40.5500    -1.2500
40.6300    -1.1100
40.7500    -1.3500
40.8500    -1.5000
40.9500    -1.2900
41.0100    -1.5000
41.1500    -1.3700
41.2500    -1.3600
41.3300    -1.3800
41.4200    -1.4600
41.5500    -1.2000
41.6500    -1.4700
41.7500    -1.8300
41.8500    -1.8700
41.9500    -2.0700
42.0500    -1.8700
42.1500    -1.6500
42.2500    -1.3100
42.3500    -1.3200
42.4500    -1.4000
42.5200    -1.1400
42.6500    -1.1000
42.7500    -1.2800
42.8300    -1.4200
42.9200    -1.4900
43.0500    -1.2200
43.1500    -0.9800
43.2500    -0.9700
43.3500    -1.0800
43.4500    -1.4100
43.5500    -1.8100
43.6500    -1.5700
43.7500    -1.2600
43.8500    -1.0500
43.9500    -1.2700
44.0100    -0.9900
44.1500    -1.0500
44.2000    -1.1400
44.2500    -0.6400
44.3000    -0.9700
44.3300    -0.5900
44.3800    -0.9600
44.4200    -0.9200
44.5300    -0.9800
44.5500    -0.9700
44.6000    -1.1900
44.6500    -1.1500
44.7000    -1.1800
44.8000    -1.1000
44.8500    -1.3000
44.9100    -1.4300
44.9500    -1.2100
45.0200    -1.3400
45.0500    -1.4800
45.1000    -1.1700
45.1500    -1.1900
45.2300    -1.4000
45.3000    -1.3700
45.4100    -1.7100
45.5100    -1.5500
45.6000    -1.4800
45.7000    -1.6400
45.8000    -1.5600
45.9100    -1.6400
46.0000    -1.6700
46.1000    -1.9100
46.2000    -1.8300
46.3000    -1.9900
46.3500    -1.9300
46.4100    -1.8700
46.4500    -2.1600
46.5100    -1.8000
46.5500    -1.8400
46.6000    -1.6600
46.6500    -1.8200
46.7300    -1.8300
46.7500    -1.4500
46.8000    -1.4300
46.8700    -1.3500
46.9100    -1.3800
46.9500    -1.3900
47.0000    -1.5100
47.0300    -1.2400
47.1000    -1.4400
47.1500    -1.6800
47.2500    -1.8500
47.3500    -1.7400
47.4500    -1.7200
47.5500    -1.7800
47.5600    -1.3400
47.6500    -1.1100
47.7500    -1.1300
47.8500    -1.0300
47.9500    -1.0200
48.0500    -1.1700
48.1500    -1.2900
48.2500    -1.4100
48.3500    -1.3400
48.4500    -1.4900
48.5300    -1.4500
48.5500    -1.4100
48.6500    -1.0100
48.7500    -1.3300
48.8500    -1.7000
48.9500    -1.5100
49.0600    -1.7300
49.1500    -1.8800
49.2500    -1.6600
49.3500    -1.7900
49.4500    -1.1900
49.5500    -1.9700
49.6600    -1.8700
49.7500    -1.5700
49.8500    -1.4900
49.9500    -1.1300
50.0500    -0.6200
50.1500    -0.6000
50.6500    -1.1900
50.7500    -1.2000
50.8500    -1.3300
50.9300    -1.5600
51.0400    -1.1000
51.1500    -1.1200
51.2400    -1.4700
51.3400    -1.5000
51.4400    -1.6100
51.5100    -1.2000
51.6500    -1.0600
51.7500    -1.0800
51.8500    -0.8800
51.9500    -0.8400
52.0600    -1.0100
52.1400    -0.7600
52.2500    -0.9100
52.3500    -1.1100
52.4500    -1.1200
52.5500    -1.2300
52.6500    -1.3500
52.7500    -1.8100
52.8400    -1.3700
52.8500    -1.7700
52.9500    -1.6800
53.0300    -1.2500
53.0600    -1.6200
53.1500    -1.7900
53.2500    -1.2300
53.3500    -1.3300
53.4500    -1.0500
53.5500    -1.4100
53.6500    -1.4900
53.7500    -1.3500
53.8500    -1.3500
53.9500    -0.8300
54.0500    -1.0500
54.1500    -0.9800
54.2500    -1.3800
54.3500    -1.5500
54.4600    -1.6500
54.5200    -1.6400
54.6000    -1.6800
54.6500    -1.7600
54.7000    -1.3600
54.7500    -1.6300
54.8000    -1.2600
54.8500    -1.7800
54.9300    -1.2300
54.9500    -1.4800
55.0000    -1.2600
55.1000    -1.4100
55.1500    -0.9600
55.2500    -0.9800
55.3000    -1.3800
55.3300    -0.9900
55.4000    -1.5200
55.4500    -1.2900
55.5000    -1.5300
55.5500    -1.1500
55.6000    -1.4100
55.6400    -1.1400
56.1000    -1.4400
56.2000    -1.3400
56.3000    -1.8400
56.4000    -1.9300
56.5000    -1.7500
56.6000    -1.7300
56.7000    -1.5900
56.8000    -1.9100
56.9000    -1.6100
57.0000    -1.6100
57.1200    -1.8200
57.2000    -1.8500
57.3000    -1.8700
57.4000    -1.8300
57.5000    -1.7400
57.5600    -1.3400
57.6000    -1.1100
57.6500    -1.4800
57.7000    -1.3900
57.7500    -1.3000
57.8000    -1.0100
57.8500    -1.3300
57.9000    -1.1500
57.9500    -1.2400
58.0000    -1.0600
58.0500    -1.3300
58.1000    -1.1100
58.1500    -1.4000
58.2000    -1.1700
58.2500    -1.5100
58.3000    -1.3200
58.3500    -1.4000
58.4000    -1.4500
58.4500    -1.5600
58.5000    -1.2800
58.5500    -1.3700
58.6000    -1.2800
58.6500    -1.6300
58.7000    -1.4500
58.7500    -1.7600
58.8000    -1.7300
58.8500    -1.6500
58.9000    -1.6500
58.9500    -1.7900
58.9800    -1.7000
59.1000    -1.7900
59.2000    -1.7300
59.3000    -1.8600
59.4000    -1.7500
59.5000    -1.9600
59.6000    -1.8000
59.7000    -1.5500
59.8000    -1.2200
59.9000    -1.2100
60.0000    -0.9900
60.1000    -1.0700
60.1900    -1.0000
60.3000    -1.1900
60.4000    -1.0700
60.4800    -1.7300
60.6000    -1.9000
60.7000    -1.8500
60.8000    -1.8600
60.9000    -1.6400
61.0000    -1.6200
61.1000    -1.5800
61.2000    -1.7200
61.3000    -1.9000
61.4000    -1.3400
61.5000    -1.0500
61.6000    -1.1500
61.7000    -1.3600
61.8000    -1.2100
61.9000    -1.0700
61.9800    -1.2300
62.1000    -1.4500
62.2000    -1.4600
62.3000    -1.5300
62.4000    -1.4300
62.5000    -1.4100
62.6000    -1.2600
62.7000    -1.0700
62.8000    -1.2900
62.9000    -1.0100
63.0000    -0.8400
63.1000    -0.8400
63.2000    -1.1700
63.3000    -1.4000
63.4000    -1.5500
63.4800    -1.4000
63.6000    -1.4800
63.7000    -1.7700
63.8000    -1.5100
63.9000    -1.8200
64.0000    -1.8300
64.1000    -1.7000
64.2000    -1.5200
64.3000    -1.5900
64.4000    -1.5000
64.5000    -1.0200
64.6000    -1.3100
64.6200    -1.0200
64.7000    -1.1200
64.8000    -1.6400
64.9000    -1.5200
64.9800    -1.4700
65.0000    -1.3500
65.1000    -1.7300
65.2000    -1.5600
65.3000    -1.9000
65.4000    -1.6800
65.5000    -1.7900
65.5700    -1.6700
65.6000    -1.5200
65.7000    -1.5700
65.8000    -1.2800
65.9000    -1.4200
65.9800    -1.3800
66.0000    -1.3400
66.0800    -1.1100
66.1100    -1.7400
66.2000    -1.9000
66.3000    -1.4800
66.4000    -1.5400
66.5000    -1.5700
66.6000    -1.5400
66.7000    -1.4600
66.8000    -1.1600
66.9000    -1.2700
67.0000    -0.8900
67.0800    -0.8000
67.2000    -0.9600
67.3000    -0.8800
67.4000    -0.7100
67.5000    -1.0900
67.6000    -1.1300
67.7000    -0.9200
67.8000    -0.7200
67.9000    -0.9800
68.0000    -1.0700
68.1000    -1.1400
68.1800    -1.4100
68.3000    -1.2800
68.4000    -1.2300
68.5000    -1.1500
68.6000    -1.1500
68.7000    -1.2400
68.8000    -1.2700
68.9000    -1.2400
69.0000    -1.3900
69.1000    -1.1900
69.2000    -1.0200
69.3000    -0.9500
69.5000    -1.4800
69.6800    -1.0000
69.8000    -1.3600
69.9000    -1.5700
70.0000    -1.5000
70.1000    -1.4500
70.2000    -1.2100
70.3100    -1.2300
70.4000    -1.2900
70.5000    -1.4500
70.6000    -1.7100
70.8000    -1.2900
70.9000    -1.2000
71.0000    -0.9900
71.1000    -1.2600
71.1800    -0.9900
71.3000    -1.5000
71.4000    -1.7900
71.5000    -1.7300
71.6000    -1.5500
71.7000    -1.7000
71.8000    -1.5900
71.9000    -1.4500
72.0000    -1.3600
72.1000    -1.1200
72.2000    -1.1500
72.3000    -1.1200
72.4000    -1.1900
72.5000    -0.8600
72.6000    -1.2200
72.6800    -1.1400
72.8000    -1.1400
72.9000    -0.7200
73.0000    -0.7400
73.1000    -0.7200
73.2000    -0.8800
73.3000    -1.1900
73.4000    -1.1100
73.5000    -1.1300
73.6000    -1.2400
73.7000    -1.3600
73.8000    -1.4700
73.9000    -1.7100
74.0000    -1.5300
74.1400    -1.5400
74.3000    -1.3400
74.4000    -1.5100
74.5000    -1.7200
74.6000    -1.7600
74.7000    -1.4700
74.8000    -1.0600
74.9000    -1.2100
75.0000    -0.9300
75.1000    -1.1800
75.2000    -1.0900
75.3000    -1.1000
75.4000    -1.4900
75.5000    -1.6700
75.6000    -1.5700
75.6800    -1.4300
75.8000    -1.2900
75.9000    -1.4300
76.0000    -1.0600
76.1000    -1.1700
76.2000    -1.4900
76.3000    -1.6400
76.4000    -1.6700
76.5000    -1.8400
76.7000    -1.5800
76.8000    -1.3800
76.9000    -1.4500
77.0000    -1.4700
77.1000    -1.4300
77.2000    -1.3800
77.2800    -1.3000
77.4000    -1.5300
77.4900    -1.3700
77.5900    -1.5700
77.6800    -1.7000
77.7900    -1.4500
77.8900    -1.3700
78.0000    -1.5100
78.0900    -1.0200
78.2000    -1.3100
78.3000    -1.1800
78.3800    -1.3700
78.4800    -1.3800
78.6000    -1.2600
78.7000    -1.6900
78.7800    -1.4900
78.9000    -1.8900
79.0000    -1.3500
79.1800    -1.6100
79.4000    -1.5200
79.5000    -1.6500
79.6000    -1.6700
79.7000    -1.5700
79.8000    -1.4400
79.8900    -1.5900
80.0000    -1.3500
80.1000    -0.8000
80.2000    -1.1500
80.2700    -1.2600
80.4000    -1.3100
80.5000    -1.2100
80.6000    -1.2100
80.7000    -1.4000
80.8100    -1.7100
81.2000    -1.3800
81.3000    -1.6000
81.3900    -1.4900
81.5000    -1.4800
81.6000    -1.6700
81.7000    -1.6900
81.7800    -1.4700
81.9000    -1.4800
82.0000    -1.3300
82.1000    -1.4900
82.1800    -1.3900
82.3000    -1.6000
82.4000    -1.2900
82.5000    -1.2900
82.6000    -1.3200
82.7000    -1.1400
82.8000    -1.2700
82.8900    -1.1400
83.0000    -1.3000
83.1000    -1.1400
83.2000    -1.2100
83.3000    -1.2900
83.4000    -1.2100
83.5000    -1.3200
83.6000    -1.1500
83.6800    -0.9400
83.8000    -1.3700
83.9000    -1.0600
84.0100    -1.1700
84.1000    -1.2700
84.2000    -1.2800
84.2900    -1.2600
84.3900    -1.3700
84.4900    -1.1600
84.5900    -1.3200
84.6900    -1.3000
84.7900    -1.1500
84.9000    -1.4700
85.0000    -1.2900
85.1000    -1.3000
85.1800    -1.2800
85.3000    -1.3900
85.4100    -1.2000
85.5000    -1.2700
85.6000    -1.3600
86.2000    -1.3100
86.3000    -1.2700
86.3900    -1.3000
86.5000    -1.2100
86.6000    -1.5800
86.7000    -1.4500
86.8000    -1.4200
86.9000    -0.8900
87.0000    -1.3300
87.1000    -1.5600
87.1800    -1.1200
87.3000    -1.7600
87.4000    -1.2200
87.5000    -1.3100
87.6000    -1.2700
87.7000    -1.3500
87.8000    -1.6000
87.8900    -0.8900
88.0000    -1.8200
88.1000    -0.9800
88.2000    -1.7200
88.2900    -1.4500
88.4000    -0.9300
88.5000    -1.5800
88.6000    -1.7900
88.6800    -1.6600
88.7900    -1.5200
88.8900    -1.7300
89.0000    -1.8200
89.1000    -1.8200
89.2000    -1.6500
89.3000    -1.6900
89.3900    -1.6700
89.5000    -1.5400
89.6000    -1.7200
89.7000    -1.7100
89.7900    -1.8200
89.9000    -1.5700
90.0000    -1.8100
90.1000    -1.9500
90.1800    -1.6400
90.3000    -1.5400
90.4000    -1.7700
90.5000    -1.5500
90.6000    -1.3600
90.7000    -1.5900
90.8000    -1.9600
90.8900    -1.7800
91.0000    -1.8100
91.1000    -1.7300
91.2000    -1.5800
91.2900    -1.3500
91.3900    -1.3600
91.5000    -1.1500
91.6000    -1.1800
91.6800    -0.8600
91.8000    -1.3000
91.9000    -1.1100
92.0000    -1.3100
92.1000    -1.4200
92.2000    -1.5000
92.3000    -1.5200
92.3900    -1.3300
92.5000    -1.4300
92.6000    -1.4900
92.7000    -1.6700
92.7900    -1.5900
92.9000    -1.7800
93.0000    -1.8300
93.1000    -1.5400
93.1800    -1.7900
93.3000    -1.3600
93.4000    -1.2800
93.5000    -1.4700
93.6000    -1.5200
93.7000    -1.9000
93.8000    -1.5100
93.8900    -1.9000
94.0000    -1.9200
94.1000    -1.6600
94.2000    -1.6500
94.2900    -1.6300
94.4000    -1.8800
94.5000    -1.6300
94.6000    -1.6300
94.6700    -1.4700
94.8000    -1.6400
94.9000    -1.9000
95.0000    -1.7500
95.1000    -1.5700
95.2000    -1.6900
95.3000    -1.4700
95.3900    -1.4700
95.5000    -1.5100
95.6000    -1.2000
95.7000    -1.4200
95.7100    -1.6000
95.8000    -1.4800
95.9000    -1.4500
96.0000    -1.5700
96.1000    -1.5600
96.2000    -1.5400
96.3000    -1.4500
96.4000    -1.8400
96.5000    -2.0400
96.6000    -1.7300
96.6800    -1.8300
96.8000    -1.6800
96.9000    -1.8000
97.0000    -1.7500
97.1000    -1.5200
97.2000    -1.4200
97.3000    -1.5900
97.4000    -1.4700
97.5000    -1.6500
97.6000    -1.9600
97.7000    -1.7500
97.8000    -1.4800
97.9000    -1.3900
98.0000    -1.4100
98.1000    -1.6300
98.1800    -1.7300
98.3000    -1.9300
98.4000    -1.8800
98.5000    -2.0300
98.6000    -1.9100
98.7000    -1.6000
98.8000    -1.5500
98.9000    -1.7300
99.0000    -1.5300
99.1000    -1.4600
99.2000    -1.7900
99.3000    -1.3300
99.4100    -1.3300
99.5000    -1.5100
99.6000    -1.5200
99.6800    -1.5200
99.8000    -1.5400
99.9000    -1.6700
100.0000    -1.7100
100.1000    -1.6600
100.2000    -1.6400
100.3000    -1.4000
100.4000    -1.4900
100.5000    -1.5400
100.6000    -1.4700
100.7000    -1.6800
100.8000    -1.5400
100.9100    -1.4700
101.0000    -1.7100
101.1000    -1.7100
101.1800    -1.8600
101.3000    -1.7200
101.4000    -1.6000
101.5000    -1.7300
101.6000    -1.9500
101.7000    -1.6900
101.8000    -1.6600
101.9000    -1.5700
102.0000    -1.5500
102.1000    -1.5300
102.2000    -1.2600
102.3000    -1.1700
102.4100    -1.3400
102.5000    -1.2500
102.6100    -1.2800
102.6800    -1.3400
102.8000    -1.2800
102.9000    -1.4800
103.0000    -1.3300
103.1000    -1.3400
103.2000    -1.5700
103.3000    -1.4700
103.4000    -1.5300
103.5000    -1.5100
103.6000    -1.6500
103.7000    -1.7400
103.8000    -1.7300
103.9100    -1.6500
104.0000    -1.8500
104.1100    -1.8400
104.1800    -1.8400
104.3000    -1.8300
104.4000    -1.7800
104.5000    -1.6300
104.6000    -1.6000
104.7000    -1.9200
104.9000    -1.3900
105.1000    -1.4000
105.2000    -1.5800
105.3000    -1.6200
107.4000    -1.4500
107.5000    -1.2900
107.6000    -1.3800
107.7000    -1.1400
107.8000    -1.4100
107.9100    -1.2400
108.0000    -1.3200
108.1000    -1.2900
108.1800    -1.0800
108.3000    -1.4800
108.4000    -1.3400
108.5000    -1.3900
108.6000    -1.1900
108.7000    -0.8900
108.8000    -1.3600
108.9000    -1.3800
109.0000    -1.5300
109.1000    -1.5600
109.2000    -1.9800
109.3000    -1.8200
109.4000    -1.8700
109.5000    -1.8700
109.6000    -1.6500
109.6800    -1.6900
109.8000    -2.0300
109.9000    -1.6600
110.0000    -1.8700
110.1000    -1.6500
110.2000    -1.9600
110.3000    -1.7500
110.4000    -1.9700
110.4900    -1.6400
110.6000    -1.3600
110.7000    -1.9400
110.8000    -1.6700
110.8700    -1.7500
111.0000    -1.8200
111.1000    -1.7400
111.1800    -1.7500
111.3000    -1.7900
111.4000    -1.7400
111.5000    -1.6800
111.6000    -1.4600
111.7000    -1.4900
111.8000    -1.1700
111.9000    -0.9800
