   
   
   
   
   
   
   
   
   
   
   
   
   
   
Soc. of Edinburgh: Earth
   
   
   
each sample indicated by
   
   
   
   
depth kyrBP d18Oforams-b notes
40 6 3.93 UVIG
50 8 4.27 UVIG
60 9 4.58 UVIG
68 11 4.22 UVIG
80 12 4.8 UVIG
90 14 4.99 UVIG
98 15 5.07 UVIG
110 17 5.23 UVIG
110 17 5.07 UVIG
120 19 5.13 UVIG
130 21 4.94 UVIG
140 22 5.19 UVIG
150 24 4.94 UVIG
160 25 4.94 UVIG
170 27 4.77 UVIG
180 29 4.78 UVIG
190 30 4.77 UVIG
200 32 4.81 UVIG
210 34 4.69 UVIG
220 35 4.64 UVIG
230 37 4.56 UVIG
240 38 4.66 UVIG
247 39 4.71 UVIG
258 41 4.6 UVIG
270 43 4.59 UVIG
280 45 4.58 UVIG
290 46 4.55 UVIGORID
300 48 4.58 UVIG
310 50 4.62 UVIG
320 51 4.54 UVIG
330 53 4.55 UVIG
340 55 4.67 UVIG
350 56 4.71 UVIG
360 58 4.72 UVIG
370 59 4.74 UVIG
380 61 4.78 UVIG
390 63 4.46 UVIG
390 63 4.57 UVIG
397 65 4.71 UVIG
400 65 4.52 UVIG
410 68 4.53 UVIG
420 70 4.02 UVIG
430 72 3.87 UVIGORID
440 74 3.8 UVIG
450 76 4.27 UVIG
460 78 3.74 UVIG
470 81 3.72 UVIG
478 82 4.07 UVIG
490 85 4.08 UVIG
500 88 4.16 UVIG
510 91 3.99 UVIG
520 94 3.83 UVIG
540 100 3.85 UVIG
550 103 3.99 UVIG
560 107 4.14 UVIG
570 110 3.48 UVIG
580 113 3.72 UVIG
600 119 3.95 UVIG
610 122 3.65 UVIG
620 125 3.83 UVIG
628 128 4.28 UVIG
640 132 4.88 UVIG
650 136 4.76 UVIG
660 139 5.02 UVIG
670 143 5.1 UVIG
680 146 5.08 UVIG
700 153 4.84 UVIGORID
710 157 4.89 UVIGORID
720 160 4.89 UVIGORID
730 164 4.87 UVIG
740 167 4.95 UVIG
750 171 4.78 UVIG
760 174 4.66 UVIGORID
770 178 4.92 UVIG
778 180 4.82 UVIG
784 183 4.68 UVIG
790 185 4.72 UVIG
793 186 4.6 UVIG
800 188 4.69 UVIG
805 190 4.36 UVIG
810 192 4.6 UVIG
817 194 4.56 UVIG
854 202 3.97 UVIG
874 207 3.96 UVIGORID
884 209 3.7 UVIGORID
905 214 3.97 UVIG
915 216 4.01 UVIGORID
936 220 4.67 UVIG
950 223 4.55 UVIG
968 227 4.69 UVIG
1000 234 4.22 UVIG
1015 237 3.87 UVIGORID
1030 241 4.18 UVIG
1045 245 4.71 UVIG
1054 247 4.63 UVIG
1064 250 4.92 UVIG
1074 252 4.81 UVIG
1084 255 4.69 UVIG
1094 258 4.91 UVIG
1103 260 4.78 UVIG
1117 264 4.74 UVIG
1125 266 4.7 UVIG
1135 268 5.08 UVIG
1154 273 4.64 UVIG
1174 279 4.5 UVIG
1184 281 4.07 UVIGORID
1202 286 4.1 UVIGORID
1202 286 3.83 UVIGORID
1214 290 4.26 UVIG
1224 293 4.39 UVIG
1236 297 4.52 UVIGORID
1242 298 4.5 UVIG
1254 302 4.3 UVIG
1265 305 4.32 UVIG
1274 307 4.12 UVIG
1285 310 4.41 UVIG
1293 312 4.08 UVIG
1304 315 3.81 UVIG
1314 318 4.07 UVIG
1364 331 3.51 UVIGORID
1374 333 3.81 UVIG
1384 335 4.42 UVIG
1394 337 4.78 UVIG
1404 339 5.27 UVIG
1417 343 5.12 UVIG
1426 345 5.06 UVIG
1435 348 4.68 UVIG
1443 350 4.8 UVIG
1455 354 4.87 UVIG
1460 355 4.88 UVIGORID
1470 358 4.65 UVIGORID
1477 360 4.8 UVIGORID
1480 361 4.61 UVIG
1490 364 4.56 UVIG
1495 365 4.53 UVIG
1500 367 4.54 UVIG
1505 368 4.62 UVIGORID
1510 369 4.59 UVIG
1514 371 4.64 UVIG
1520 372 4.59 UVIG
1525 374 4.37 UVIG
1530 375 4.45 UVIG
1535 377 4.56 UVIG
1540 378 4.47 UVIG
1550 381 4.41 UVIG
1555 382 4.12 UVIG
1560 384 4.29 UVIG
1567 386 4.33 UVIG
1570 387 4.2 UVIG
1575 388 4.27 UVIG
1578 389 4.01 UVIGORID
1585 391 3.88 UVIG
1590 392 3.79 UVIG
1593 393 3.85 UVIG
1600 395 4.01 UVIG
1608 398 3.61 UVIG
1614 399 3.71 UVIG
1624 402 3.49 UVIG
1645 407 3.5 UVIG
1654 409 3.39 UVIG
1674 414 4.01 UVIG
1684 416 4.08 UVIG
1703 420 5.14 UVIG
1735 427 4.3 UVIG
1785 439 4.7 UVIG
1792 441 4.63 UVIG
1805 444 4.66 UVIG
1830 450 4.63 UVIG
1841 453 4.65 UVIG
1905 474 4.03 UVIGORID
1925 481 3.76 UVIG
1950 489 3.89 UVIG
1965 494 3.89 UVIGORID
1973 497 3.76 UVIGORID
1990 502 3.94 UVIG
2015 507 4.14 UVIGORID
2025 509 4.23 UVIG
2035 512 4.23 UVIG
2045 514 4.33 UVIG
2055 517 4.14 UVIG
2065 519 4.22 UVIG
2075 521 4.03 UVIG
2090 525 4.13 UVIG
2110 530 4.07 UVIG
2134 537 4.42 UVIG
2145 540 4.31 UVIG
2155 543 4.32 UVIG
2165 546 4.5 UVIG
2175 550 4.63 UVIG
2195 556 4.53 UVIG
2205 559 4.24 UVIG
2215 562 3.96 UVIG
2225 565 3.77 UVIG
2235 568 3.72 UVIG
2242 571 3.58 UVIG
2255 575 3.87 UVIG
2255 575 3.48 UVIG
2260 578 3.79 UVIG
2264 579 3.83 UVIG
2270 582 4.41 UVIG
2275 583 4.06 UVIG
2279 584 4.33 UVIG
2285 586 4.3 UVIG
2290 587 3.96 UVIG
2300 589 4.18 UVIG
2310 591 4.16 UVIG
2325 595 4.08 UVIG
2330 596 4.34 UVIG
2335 598 4.23 UVIG
2340 599 4.14 UVIG
2345 601 4 UVIGORID
2350 602 4.04 UVIG
2355 604 4.18 UVIG
2360 606 3.98 UVIG
2365 608 3.92 UVIG
2370 610 3.69 UVIG
2375 612 3.71 UVIG
2385 616 3.78 UVIG
2392 617 4 UVIG
2405 620 4.31 UVIG
2415 621 4.42 UVIG
2422 623 5 UVIG
2440 626 5.2 UVIG
2465 633 4.95 UVIG
2475 635 5.05 UVIG
2485 638 5.13 UVIG
2495 641 4.96 UVIG
2505 643 4.68 UVIG
2515 646 4.98 UVIG
2515 646 4.69 UVIG
2525 649 4.87 UVIG
2525 649 4.72 UVIG
2532 650 4.74 UVIG
2535 651 4.78 UVIG
2542 653 4.84 UVIG
2555 656 4.67 UVIG
2555 656 4.83 UVIG
2564 659 4.92 UVIG
2565 659 4.75 UVIG
2575 662 4.62 UVIG
2584 664 4.71 UVIG
2594 667 4.92 UVIG
2595 667 4.81 UVIG
2604 669 4.41 UVIG
2614 672 4.62 UVIG
2618 673 4.33 UVIG
2625 675 4.43 UVIG
2625 675 4.35 UVIG
2635 678 4.24 UVIG
2635 678 4.57 UVIG
2645 680 4.23 UVIG
2645 680 4.34 UVIG
2650 682 4.32 UVIGORID
2655 683 4.28 UVIG
2660 684 4.2 UVIG
2664 685 4.16 UVIG
2670 687 4.2 UVIG
2674 688 4.01 UVIGORID
2683 690 4.47 UVIG
2684 691 3.89 UVIG
2690 692 3.85 UVIG
2700 695 3.97 UVIG
2710 698 3.93 UVIG
2720 701 4.18 UVIG
2730 703 4.32 UVIG
2740 706 4.25 UVIG
2750 709 4.5 UVIG
2760 712 4.53 UVIG
2770 714 4.69 UVIG
2780 717 4.79 UVIG
2790 719 4.9 UVIG
2800 722 4.97 UVIG
2810 724 4.57 UVIG
2814 725 4.41 UVIG
2820 727 4.38 UVIG
2824 728 4.37 UVIG
2830 729 4.36 UVIG
2834 731 4.33 UVIG
2840 732 4.2 UVIG
2841 732 4.41 UVIG
2877 742 4.37 UVIG
2885 744 4.33 UVIG
2895 746 4.63 UVIG
2905 749 4.73 UVIG
2912 750 4.76 UVIG
2925 754 4.71 UVIG
2935 756 4.64 UVIG
2946 759 4.67 UVIG
2955 761 4.58 UVIG
2965 764 4.37 UVIG
2975 767 4.39 UVIG
2985 769 4.52 UVIG
2994 771 4.6 UVIG
3005 774 4.24 UVIG
3016 777 4.02 UVIG
3024 779 3.85 UVIG
3031 781 3.8 UVIG
3043 784 3.66 UVIG
3055 786 3.73 UVIG
3065 788 3.88 UVIG
3074 790 4.01 UVIG
3085 792 4.61 UVIG
3095 794 4.58 UVIG
3105 796 4.69 UVIG
3115 798 4.71 UVIG
3125 799 4.68 UVIG
3135 801 4.65 UVIG
3145 803 4.7 UVIG
3152 804 4.67 UVIG
3162 806 4.47 UVIG
3174 809 4.09 UVIG
3184 810 4.19 UVIG
3193 812 3.92 UVIG
3204 814 3.98 UVIG
3215 816 4.14 UVIG
3225 818 4.04 UVIG
3235 820 4.2 UVIG
3245 822 4.06 UVIG
3255 825 4.06 UVIG
3275 831 4.12 UVIG
3285 834 3.98 UVIG
3295 837 3.86 UVIG
3305 840 3.87 UVIG
3315 843 3.82 UVIG
3325 846 3.71 UVIG
3334 848 3.97 UVIG
3343 851 3.89 UVIG
3355 854 3.71 UVIG
3365 857 3.65 UVIG
3375 860 4.01 UVIG
3385 862 3.64 UVIG
3395 865 4.18 UVIG
3405 867 4.49 UVIG
3415 870 4.62 UVIG
3425 872 5.09 UVIG
3435 875 4.99 UVIG
3445 877 5.04 UVIG
3455 880 4.86 UVIG
3467 883 4.76 UVIG
3470 884 4.56 UVIG
3475 885 4.75 UVIG
3480 886 4.6 UVIG
3485 887 4.75 UVIG
3490 889 4.55 UVIG
3493 889 4.74 UVIG
3503 892 4.56 UVIG
3505 892 4.74 UVIG
3510 894 4.62 UVIG
3515 895 4.6 UVIG
3520 896 4.49 UVIG
3525 897 4.37 UVIG
3530 899 4.48 UVIG
3535 900 4.37 UVIG
3536 900 4.21 UVIG
3545 902 4.21 UVIG
3550 904 4.33 UVIG
3555 905 4.02 UVIG
3560 906 4.18 UVIG
3565 907 4.26 UVIG
3573 909 4.29 UVIG
3575 910 4.21 UVIG
3580 911 4.3 UVIG
3585 912 4.48 UVIG
3588 913 4.36 UVIG
3600 916 4.6 UVIG
3605 917 4.59 UVIG
3610 918 4.61 UVIG
3615 920 4.56 UVIG
3620 921 4.49 UVIG
3625 922 4.4 UVIG
3630 923 4.49 UVIG
3635 925 4.43 UVIG
3641 926 4.22 UVIG
3643 927 4.2 UVIG
3650 928 4.25 UVIG
3655 930 4.26 UVIGORID
3660 931 4.16 UVIG
3665 932 4.2 UVIG
3670 933 4.03 UVIG
3675 935 4.18 UVIG
3680 936 3.83 UVIG
3685 937 4.2 UVIG
3692 939 3.91 UVIG
3700 941 3.81 UVIG
3705 942 3.97 UVIG
3710 943 3.73 UVIG
3715 945 3.65 UVIGORID
3730 948 3.44 UVIGORID
3736 950 3.56 UVIG
3741 951 3.46 UVIG
3745 952 3.84 UVIG
3750 953 3.6 UVIG
3755 955 3.54 UVIG
3760 956 3.54 UVIG
3765 957 3.82 UVIG
3765 957 3.81 UVIG
3775 960 4.05 UVIG
3775 960 4.31 UVIG
3785 962 4.55 UVIG
3785 962 4.4 UVIG
3795 965 4.53 UVIG
3802 967 4.33 UVIG
3815 970 4.19 UVIG
3825 972 4.27 UVIGORID
3833 974 4.09 UVIG
3843 977 4.07 UVIG
3855 981 4.14 UVIG
3865 983 4.2 UVIGORID
3875 986 4 UVIG
3886 989 4.24 UVIG
3895 992 4.13 UVIGORID
3905 995 4.09 UVIG
3915 997 3.86 UVIGORID
3935 1002 4.3 UVIGORID
3946 1004 4.1 UVIPORID
3957 1008 4.31 UVIG
3965 1011 4.17 UVIPORID
3975 1015 4.03 UVIGORID
3983 1017 3.9 UVIG
3992 1021 4.02 UVIG
4005 1026 3.85 UVIGORID
4015 1028 3.91 UVIGORID
4025 1029 4.01 UVIGORID
4035 1030 4.05 UVIG
4045 1031 4.35 UVIG
4055 1033 4.47 UVIG
4063 1034 4.62 UVIG
4075 1037 4.47 UVIG
4085 1040 4.59 UVIGORID
4095 1042 4.19 UVIGORID
4101 1044 4.3 UVIGORID
4115 1047 4.27 UVIGORID
4125 1050 4.37 UVIG
4133 1052 4.36 UVIG
4142 1054 4.37 UVIG
4155 1058 4.42 UVIG
4165 1060 3.69 UVIG
4175 1063 3.57 UVIG
4185 1065 3.48 UVIG
4195 1068 3.44 UVIG
4205 1070 3.43 UVIG
4215 1073 3.45 UVIG
4225 1075 3.65 UVIG
4235 1077 3.74 UVIG
4245 1079 3.85 UVIG
4252 1081 4.06 UVIG
4265 1084 4.07 UVIGORID
4283 1088 4.27 UVIG
4325 1101 4.43 UVIG
4335 1104 4.22 UVIG
4345 1108 4.04 UVIG
4355 1111 3.87 UVIG
4365 1113 3.76 UVIG
4375 1115 3.8 UVIG
4385 1116 4.26 UVIG
4395 1118 4.26 UVIG
4401 1119 4.62 UVIG
4415 1122 4.33 UVIGORID
4420 1123 4.38 UVIG
4425 1124 4.69 UVIG
4430 1124 4.37 UVIG
4433 1125 4.61 UVIG
4438 1126 4.6 UVIG
4442 1127 4.61 UVIG
4453 1129 4.55 UVIG
4460 1130 4.58 UVIG
4480 1134 4.53 UVIG
4485 1135 4.5 UVIGSBUL
4495 1136 4.18 UVIG
4505 1138 4.04 UVIG
4510 1139 4.05 UVIG
4515 1140 4.17 UVIG
4523 1142 4.11 UVIG
4530 1143 4.15 UVIG
4541 1145 4 UVIG
4551 1147 4 UVIG
4560 1148 3.98 UVIG
4570 1150 3.93 UVIG
4580 1152 3.98 UVIG
4591 1154 3.96 UVIG
4600 1155 3.97 UVIG
4610 1157 3.73 UVIG
4620 1159 3.74 UVIG
4630 1160 3.78 UVIG
4635 1161 3.74 UVIG
4641 1162 3.82 UVIG
4651 1164 3.58 UVIG
4655 1165 3.71 UVIG
4660 1165 3.71 UVIG
4665 1166 3.72 UVIG
4673 1167 3.83 UVIG
4675 1168 3.96 UVIG
4680 1168 3.88 UVIG
4687 1170 3.96 UVIG
4691 1170 3.85 UVIG
4695 1171 3.98 UVIG
4700 1172 3.88 UVIG
4703 1172 4.01 UVIG
4710 1175 3.88 UVIG
4715 1177 4.35 UVIG
4715 1177 3.4 UVIG
4725 1181 4.05 UVIG
4765 1199 4.27 UVIG
4765 1199 4.04 UVIGORID
4785 1207 4.51 UVIG
4785 1207 4.68 UVIGORID
4795 1210 4.58 UVIG
4805 1212 4.53 UVIG
4805 1212 4.41 UVIG
4815 1214 4.46 UVIG
4815 1214 4.38 UVIG
4815 1214 4.43 UVIGORID
4825 1216 4.39 UVIG
4825 1216 4.49 UVIG
4835 1217 4.36 UVIG
4835 1217 4.51 UVIG
4845 1219 4.32 UVIG
4845 1219 4.38 UVIG
4853 1221 4.35 UVIG
4855 1221 4.2 UVIG
4865 1223 3.88 UVIG
4875 1225 4.25 UVIG
4885 1226 4.15 UVIG
4895 1228 3.96 UVIG
4906 1230 3.78 UVIG
4915 1232 3.54 UVIG
4925 1234 3.57 UVIG
4935 1235 3.58 UVIG
4945 1237 3.48 UVIG
4955 1239 3.42 UVIGORID
4966 1241 3.46 UVIG
4995 1246 3.85 UVIG
5005 1247 4.07 UVIG
5015 1249 4.42 UVIG
5065 1262 3.99 UVIG
5075 1264 4.35 UVIG
5085 1266 4.21 UVIG
5093 1268 4 UVIG
5104 1271 3.97 UVIG
5124 1276 3.83 UVIGORID
5144 1281 3.86 UVIGORID
5151 1283 3.97 UVIGORID
5165 1286 4.4 UVIG
5175 1288 4.35 UVIG
5185 1290 4.3 UVIG
5195 1293 4.24 UVIG
5206 1295 4.43 UVIG
5215 1297 4.4 UVIG
5225 1300 4.28 UVIG
5235 1302 4.25 UVIG
5235 1302 4.27 UVIG
5245 1304 4.28 UVIG
5245 1304 4.06 UVIG
5255 1307 4.28 UVIG
5255 1307 4.1 UVIG
5265 1309 3.9 UVIG
5265 1309 4.03 UVIG
5275 1311 4.07 UVIG
5275 1311 3.78 UVIG
5285 1314 3.86 UVIG
5285 1314 4.01 UVIG
5295 1316 3.58 UVIBULOR
5302 1318 3.8 UVIGLORI
5306 1320 3.85 UVIG
5315 1322 4.06 UVIG
5315 1322 4.31 UVIG
5325 1325 4.23 UVIG
5325 1325 4.09 UVIG
5335 1328 4.28 UVIG
5335 1328 4.12 UVIG
5345 1331 4.3 UVIG
5345 1331 4.33 UVIG
5355 1334 4.29 UVIG
5365 1336 4.33 UVIG
5365 1336 4.23 UVIG
5375 1338 4.34 UVIG
5375 1338 4.32 UVIG
5385 1340 4.18 UVIG
5385 1340 4.32 UVIG
5395 1342 4.38 UVIG
5400 1343 4.01 UVIG
5405 1344 4.23 UVIG
5413 1346 4.1 UVIG
5415 1346 4.21 UVIG
5420 1347 3.56 UVIG
5425 1348 4.1 UVIG
5435 1350 3.74 UVIG
5445 1352 3.62 UVIG
5450 1353 3.43 UVIG
5452 1354 3.44 UVIG
5460 1355 3.54 UVIG
5465 1356 3.57 UVIG
5470 1357 3.78 UVIG
5475 1358 3.69 UVIG
5480 1359 3.91 UVIG
5485 1360 3.49 UVIG
5493 1362 4.04 UVIG
5495 1362 3.63 UVIG
5500 1363 4.16 UVIG
5510 1365 4.15 UVIG
5515 1366 4.14 UVIG
5520 1367 4.06 UVIG
5525 1368 4.02 UVIG
5530 1369 4.3 UVIG
5533 1369 4.28 UVIG
5540 1371 4.3 UVIG
5545 1372 4.36 UVIG
5550 1373 4.01 UVIG
5555 1374 4.34 UVIG
5560 1375 4.22 UVIG
5564 1376 4.43 UVIG
5610 1385 4.1 UVIG
5620 1386 4.2 UVIG
5630 1388 3.83 UVIG
5670 1396 3.73 UVIG
5756 1412 3.73 UVIGLORI
5760 1413 4.05 UVIG
5765 1414 3.5 UVIG
5770 1415 4.06 UVIG
5775 1416 4.09 UVIG
5780 1417 3.87 UVIG
5785 1418 4.12 UVIG
5790 1419 4.27 UVIG
5795 1420 4.37 UVIG
5805 1422 4.42 UVIG
5810 1423 4.31 UVIG
5815 1424 4.03 UVIG
5820 1425 4.29 UVIG
5825 1425 4.22 UVIG
5830 1426 4.21 UVIG
5835 1427 4.18 UVIG
5840 1428 4.24 UVIG
5845 1429 4.11 UVIG
5850 1430 4.25 UVIG
5855 1431 3.97 UVIG
5860 1432 3.91 UVIG
5865 1433 4.02 UVIG
5870 1434 3.87 UVIG
5875 1435 3.93 UVIG
5885 1437 3.75 UVIG
5890 1438 3.44 UVIG
5895 1439 3.73 UVIG
5898 1439 3.31 UVIG
5910 1441 3.27 UVIG
5920 1443 3.47 UVIG
5940 1447 3.53 UVIGORID
5980 1455 3.74 UVIGORID
5990 1456 4.21 UVIG
6000 1458 4.34 UVIG
6010 1460 4.43 UVIG
6020 1462 4.05 UVIG
6030 1464 4.12 UVIG
6040 1465 4.4 UVIG
6050 1467 4.17 UVIG
6060 1469 3.81 UVIGORID
6070 1471 3.52 UVIGORID
6080 1474 3.49 UVIG
6100 1481 3.57 UVIGLOB
6120 1487 3.66 UVIGLOB
6140 1495 3.74 UVIG
6150 1499 4.08 UVIG
6198 1509 4.36 UVIGORID
6210 1512 4.09 UVIGORID
6290 1529 4.04 UVIORGLO
6300 1531 4.3 UVIG
6310 1534 4.37 UVIG
6320 1537 4.58 UVIG
6330 1541 4.49 UVIG
6340 1544 4.12 UVIGORID
6380 1558 3.84 UVIGORID
6390 1561 3.97 UVIG
6400 1564 3.9 UVIG
6410 1566 3.66 UVIGORID
6430 1569 4.05 UVIG
6440 1570 4.32 UVIG
6450 1572 4.45 UVIG
6462 1577 4.04 UVIG
6470 1580 4.26 UVIG
6470 1580 4.03 UVIG
6498 1591 3.79 UVIGORID
6510 1596 3.79 UVIGORID
6530 1603 3.8 UVIG
6540 1606 3.61 UVIG
6540 1606 3.62 UVIGGLOB
6550 1610 3.45 UVIG
6570 1616 3.81 UVIG
6580 1619 3.84 UVIG
6620 1632 3.7 UVIG
6708 1650 4.17 UVIG
6770 1665 4.28 UVIG
6790 1670 4.15 UVIG
6790 1670 4 UVIGORID
6800 1673 4.09 UVIG
6800 1673 4.04 UVIG
6810 1675 4.04 UVIG
6810 1675 3.94 UVIG
6818 1677 3.82 UVIG
6820 1677 3.86 UVIG
6830 1679 3.69 UVIG
6840 1682 3.86 UVIG
6860 1686 4.16 UVIG
6870 1689 4.03 UVIGLOB
6880 1691 4.06 UVIGBULL
6890 1693 4.04 UVIGLOB
6900 1695 4.11 UVIGLOB
6910 1698 4.39 UVIG
6920 1700 4.49 UVIG
6930 1702 4.55 UVIG
6941 1705 4.36 UVIG
6950 1707 4.44 UVIG
6960 1709 4.18 UVIG
6968 1711 4.22 UVIG
6980 1714 4.08 UVIG
6990 1716 3.88 UVIG
7000 1719 3.91 UVIG
7010 1721 4.04 UVIG
7020 1724 4.17 UVIG
7031 1726 4.2 UVIG
7040 1729 4 UVIG
7050 1731 4.09 UVIG
7060 1734 4.06 UVIG
7080 1739 4.02 UVIG
7090 1742 4 UVIG
7110 1748 4.25 UVIG
7118 1750 4.47 UVIG
7130 1754 4.46 UVIG
7140 1757 4.55 UVIG
7155 1760 4.09 UVIG
7175 1764 3.93 UVIG
7195 1768 3.88 UVIG
7250 1780 3.85 UVIG
7260 1782 3.96 UVIG
7268 1784 4.03 UVIG
7280 1786 4.11 UVIG
7290 1788 4.15 UVIG
7310 1792 4.21 UVIG
7320 1795 4.37 UVIG
7330 1797 4.35 UVIG
7340 1799 4.21 UVIG
7350 1801 4.25 UVIGORID
7360 1803 4.05 UVIG
7370 1805 4.04 UVIG
7380 1807 3.65 UVIG
7390 1809 3.89 UVIG
7400 1812 3.84 UVIG
7410 1815 3.78 UVIG
7418 1817 3.93 UVIORBUL
7430 1821 4.1 UVIGORID
7460 1829 3.82 UVIG
7470 1831 3.88 UVIG
7480 1832 4.03 UVIG
7490 1834 4.28 UVIG
7500 1836 4.16 UVIG
7510 1838 4.07 UVIG
7520 1839 4.02 UVIGORID
7530 1841 4.09 UVIGBULL
7540 1843 3.85 UVIGBULL
7560 1846 4 UVIG
7568 1847 3.77 UVIG
7590 1852 4 UVIG
7600 1859 4.19 UVIG
7630 1881 4.49 UVIG
7650 1896 3.98 UVIGPYRG
7670 1910 4.19 UVIG
7680 1914 4.07 UVIG
7689 1917 4.12 UVIGORBU
7710 1924 3.92 UVIG
7720 1927 3.79 UVIG
7728 1930 3.86 UVIGBUL
7750 1938 3.56 UVIG
7760 1941 3.55 UVIG
7768 1944 3.93 UVIG
7770 1944 3.61 UVIGLORI
7780 1946 3.71 UVIG
7789 1948 3.86 UVIG
7800 1950 4 UVIG
7800 1950 3.89 UVIG
7809 1952 4.31 UVIGORID
7810 1953 4.18 UVIG
7820 1955 4.27 UVIG
7837 1958 4.2 UVIG
7848 1961 4.19 UVIG
7859 1963 4.3 UVIG
7869 1965 4.13 UVIG
7878 1967 4 UVIG
7889 1969 3.93 UVIG
7899 1971 3.87 UVIG
7909 1973 3.8 UVIG
7918 1975 3.96 UVIG
7930 1978 3.65 UVIG
7940 1980 3.52 UVIGORID
7950 1982 3.54 UVIGORID
7970 1985 3.7 UVIG
7980 1987 3.7 UVIG
7989 1988 3.95 UVIG
8000 1990 4.23 UVIG
8010 1992 4.26 UVIG
8020 1993 4.25 UVIG
8027 1994 4.22 UVIG
8040 1996 3.89 UVIGORID
8050 1998 4.23 UVIG
8080 2002 3.77 UVIG
8120 2009 3.7 UVIG
8130 2010 3.65 UVIG
8139 2012 3.63 UVIG
8150 2013 3.53 UVIG
8160 2015 3.49 UVIG
8170 2016 3.42 UVIG
8190 2020 3.54 UVIG
8240 2025 3.8 UVIGORBU
8250 2026 3.88 UVIGBUL
8420 2045 4.25 UVIGBUL
8459 2049 4.11 UVIGBUL
8469 2050 4.04 UVIGBUL
8479 2051 3.97 UVIG
8490 2052 3.76 UVIGGLOB
8510 2054 4 UVIG
8560 2060 3.92 UVIG
8660 2071 3.9 UVIG
8670 2072 4.07 UVIG
8690 2074 4.18 UVIG
8700 2075 4.39 UVIG
8710 2076 4.23 UVIG
8718 2077 4.45 UVIG
8730 2078 4.49 UVIG
8740 2079 4.78 UVIG
8750 2081 4.44 UVIG
8760 2082 4.49 UVIG
8770 2083 4.41 UVIG
8780 2085 4.4 UVIG
8789 2086 4.24 UVIG
8800 2087 4.34 UVIG
8810 2089 4.25 UVIG
8820 2090 4.2 UVIG
8829 2091 4.18 UVIGORID
8840 2093 4.45 UVIGORID
8850 2094 4.23 UVIG
8860 2096 4.32 UVIG
8868 2097 4.1 UVIG
8880 2099 3.97 UVIG
8889 2100 3.95 UVIG
8900 2101 3.95 UVIGPYRG
8910 2103 3.8 UVIG
8920 2104 3.89 UVIG
8930 2105 3.76 UVIG
8939 2107 3.77 UVIG
8950 2108 3.83 UVIG
8960 2110 3.71 UVIG
8970 2111 3.8 UVIG
8979 2112 3.69 UVIGORID
8990 2114 3.93 UVIG
9030 2122 4.38 UVIG
9060 2129 4.24 UVIGORID
9070 2131 3.7 UVIG
9080 2133 3.59 UVIG
9120 2139 3.65 UVIGORID
9129 2141 4.37 UVIG
9139 2142 4.44 UVIG
9150 2144 4.54 UVIG
9160 2146 4.44 UVIG
9168 2147 4.47 UVIG
9180 2150 4.3 UVIG
9190 2153 4.36 UVIG
9200 2156 4.26 UVIG
9210 2160 4.24 UVIGORID
9220 2163 4.09 UVIG
9230 2166 4 UVIG
9239 2168 3.94 UVIG
9250 2172 3.82 UVIG
9260 2175 3.68 UVIG
9270 2178 3.76 UVIG
9279 2181 3.6 UVIGLOB
9310 2189 3.86 UVIGORID
9318 2191 3.92 UVIG
9330 2193 4.16 UVIG
9340 2195 4.13 UVIG
9350 2197 4.07 UVIG
9360 2199 3.99 UVIGORID
9450 2217 3.95 UVIG
9460 2219 3.74 UVIG
9467 2221 3.74 UVIG
9530 2234 3.97 UVIG
9530 2234 4.13 UVIGORID
9540 2237 3.94 UVIG
9550 2240 3.9 UVIG
9550 2240 4.24 UVIG
9560 2243 4.24 UVIG
9560 2243 3.85 UVIG
9569 2246 4.1 UVIG
9570 2246 3.64 UVIG
9580 2249 3.64 UVIG
9580 2249 4.27 UVIG
9590 2252 4.07 UVIG
9600 2255 3.92 UVIG
9610 2258 2.78 UVIG
9640 2266 3.49 UVIG
9640 2266 3.57 UVIGORID
9690 2281 3.8 UVIG
9710 2287 3.9 UVIG
9720 2290 3.81 UVIG
9730 2293 3.96 UVIG
9740 2296 4.03 UVIG
9760 2301 3.72 UVIGORID
9780 2309 3.79 UVIGORGL
9791 2313 3.83 UVIG
9818 2325 3.44 UVIGORGL
9890 2352 3.8 UVIGORIG
9930 2362 3.98 UVIGORID
9968 2372 3.99 UVIGLOBO
10230 2440 4.38 UVIG
10241 2441 4.49 UVIG
10250 2443 4.47 UVIG
10261 2444 4.39 UVIG
10268 2445 4.53 UVIG
10300 2450 4.39 UVIG
10340 2456 4.17 UVIGLOB
10391 2463 3.66 UVIGORBU
10520 2483 4.45 UVIG
10530 2484 4.56 UVIG
10760 2524 4.22 UVIG
10770 2525 4.49 UVIG
10780 2526 4.44 UVIG
10791 2528 4.39 UVIG
10802 2529 4.41 UVIG
10810 2530 4.44 UVIG
10818 2531 4.4 UVIG
10830 2533 4.36 UVIG
10900 2542 3.61 UVIGORID
10910 2544 4.53 UVIG
11180 2600 4.12 UVIBULOR
   
   
   
   
   
   
   
   
   
   
   
   
   
   
   
   
   
   
   
   
   
   
   
   
   
   
   
   
   
   
   
   
   
   
   
   
   
   
   
   
   
   
   
   
   
   
   
   
   
   
   
   
   
   
   
   
   
   
   
   
   
   
   
   
   
   
   
   
   
   
   
   
   
   
   
   
   
   
   
   
   
   
   
   
   
   
   
   
   
   
   
   
   
   
   
   
   
   
   
   
   
   
   
   
   
   
   
   
   
   
   
   
   
   
   
   
   
   
   
   
   
   
   
   
   
   
   
   
   
   
   
   
   
   
   
   
   
   
   
   
   
   
   
   
   
   
   
   
   
   
   
   
   
   
   
   
   
   
   
   
   
   
   
   
   
   
   
   
   
   
   
   
   
   
   
   
   
   
   
   
   
   
   
   
   
   
   
   
   
   
   
   
   
   
   
   
   
   
   
   
   
   
   
   
   
   
   
   
   
   
   
   
   
   
   
   
   
   
   
   
   
   
   
   
   
   
   
   
   
   
   
   
   
   
   
   
   
   
   
   
   
   
   
   
   
   
   
   
   
   
   
   
   
   
   
   
   
   
   
   
   
   
   
   
   
   
   
   
   
   
   
   
   
   
   
   
   
   
   
   
   
   
   
   
   
   
   
   
   
   
   
   
   
   
   
   
   
   
   
   
   
   
   
   
   
   
   
   
   
   
   
   
   
   
   
   
   
   
   
   
   
   
   
   
   
   
   
   
   
   
   
   
   
   
   
   
   
   
   
   
   
   
   
   
   
   
   
   
   
   
   
   
   
   
   
   
   
   
   
   
   
   
   
   
   
   
   
   
   
   
   
   
   
   
   
   
   
   
   
   
   
   
   
   
   
   
   
   
   
   
   
   
   
   
   
   
   
   
   
   
   
   
   
   
   
   
   
   
   
   
   
   
   
   
   
   
   
   
   
   
   
   
   
   
   
   
   
   
   
   
   
   
   
   
   
   
   
   
   
   
   
   
   
   
   
   
   
   
   
   
   
   
   
   
   
   
   
   
   
   
      
   
   
   
   
   
   
   
   
   
   
   
   
   
   
   
   
   
   
   
   
   
   
   
   
   
   
   
   
   
   
   
   
   
   
   
   
   
   
   
   
   
   
   
   
   
   
   
   
   
   
   
   
   
   
   
   
   
   
   
   
   
   
   
   
   
   
   
   
   
   
   
   
   
   
   
   
   
   
   
   
   
   
   
   
   
   
   
   
   
   
   
   
   
   
   
   
   
   
   
   
   
   
   
   
   
   
   
   
   
   
   
   
   
   
   
   
   
   
   
   
   
   
   
   
   
   
   
   
   
   
   
   
   
   
   
   
   
   
   
   
   
   
   
   
   
   
   
   
   
   
   
   
   
   
   
   
   
   
   
   
   
   
   
   
   
   
   
   
   
   
   
   
   
   
   
   
   
   
   
   
   
   
   
   
   
   
   
   
   
   
   
   
   
   
   
   
   
   
   
   
   
   
   
   
   
   
   
   
   
   
   
   
   
   
   
   
   
   
   
   
   
   
   
   
   
   
   
   
   
   
   
   
   
   
   
   
   
   
   
   
   
   
   
   
   
   
   
   
   
   
   
   
   
   
   
   
   
   
   
   
   
   
   
   
   
   
   
   
   
   
   
   
   
   
   
   
   
   
   
   
   
   
   
   
   
   
   
   
   
   
   
   
   
   
   
   
   
   
   
   
   
   
   
   
   
   
   
   
   
   
   
   
   
   
   
   
   
   
   
   
   
   
   
   
   
   
   
   
   
   
   
   
   
   
   
   
   
   
   
   
   
   
   
   
   
   
   
   
   
   
   
   
   
   
   
   
   
   
   
   
   
   
   
   
   
   
   
   
   
   
   
   
   
   
   
   
   
   
   
   
   
   
   
   
   
   
   
   
   
   
   
   
   
   
   
   
   
   
   
   
   
   
   
   
   
   
   
   
   
   
   
   
   
   
   
   
   
   
   
   
   
   
   
   
   
   
   
   
   
   
   
   
   
   
   
   
   
   
   
   
   
   
   
   
   
   
   
   
   
   
   
   
   
   
   
   
   
   
   
   
   
   
   
   
   
   
   
   
   
   
   
   
   
   
   
   
   
   
   
   
   
   
   
   
   
   
   
   
   
   
   
   
   
   
   
   
   
   
   
   
   
   
   
   
   
   
   
   
   
   
   
   
   
   
   
   
   
   
   
   
   
   
   
   
   
   
   
   
   
   
   
   
   
   
   
   
   
   
   
   
   
   
   
   
   
   
   
   
   
   
   
   
   
   
   
   
   
   
   
   
   
   
   
   
   
   
   
   
   
   
   
   
   
   
   
   
   
   
   
   
   
   
   
   
   
   
   
   
   
   
   
   
   
   
   
   
   
   
   
   
   
   
   
   
   
   
   
   
   
   
   
   
   
   
   
   
   
   
   
   
   
   
   
   
   
   
   
   
   
   
   
   
   
   
   
   
   
   
   
   
   
   
   
   
   
   
   
   
   
   
   
   
   
   
   
   
   
   
   
   
   
   
   
   
   
   
   
   
   
   
   
   
   
   
   
   
   
   
   
   
   
   
   
   
   
   
   
   
   
   
   
   
   
   
   
   
   
   
   
   
   
   
   
   
   
   
   
   
   
   
   
   
   
   
   
   
   
   
   
   
   
   
   
   
   
   
   
   
   
   
   
   
   
   
   
   
   
   
   
   
   
   
   
   
   
   
   
   
   
   
   
   
   
   
   
   
   
   
   
   
   
   
   
   
   
   
   
   
   
   
   
   
   
   
   
   
   
   
   
   
   
   
   
   
   
   
   
   
   
   
   
   
   
   
   
   
   
   
   
   
   
   
   
   
   
   
   
   
   
   
   
   
   
   
   
   
   
   
   
   
   
   
   
   
   
   
   
   
   
   
   
   
   
   
   
   
   
   
   
   
   
   
   
   
   
   
   
   
   
   
   
   
   
   
   
   
   
   
   
   
   
   
   
   
   
   
   
   
   
   
   
   
   
   
   
   
   
   
   
   
   
   
   
   
   
   
   
   
   
   
   
   
   
   
   
   
   
   
   
   
   
   
   
   
   
   
   
   
   
   
   
   
   
   
