NOAA Paleoclimatology Program -
odp-677-fwc.txt   
Complete Data  
File Created: 18-jan-05 
   
Missing Values indicated by
   
PI: Nicholas J. Shackleton
Core/Site: ODP-677  
Latitude: 1.12.00N ( 1.2)
Longitude: 83.44.00W ( -83.73333)
Water depth. m: 3450
   
Publications:   
Shackleton et al.. 1990.
   
Description & Notes: 
Astronomical timescale for the
Patching of ODP-677 A
sample id.  
   
   
CORE: ODP-677 CORE: ODP-677
depth kyrBP d18Oforams-b notes
690 150 4.76 CIB
4365 1113 3.82 CIB
6300 1531 4.29 CIB
7180 1765 3.46 CIB
7440 1823 3.74 CIB
7520 1839 3.9 CIB
10040 2392 3.69 CIB
10990 2557 3.7 CIB
4745 1190 4 CIBKULL
10930 2546 3.29 CIBMELAT
10080 2405 3.94 GLOBCASB
3723 947 3.74 GLOBOBUL
5428 1349 3.67 GLOBOBUL
5660 1394 4.02 GLOBOBUL
7640 1888 4.3 GLOBOBUL
7790 1948 4.08 GLOBOBUL
7820 1955 4.48 GLOBOBUL
8178 2018 3.64 GLOBOBUL
8630 2067 4.27 GLOBOBUL
8650 2069 4.06 GLOBOBUL
8660 2071 4.2 GLOBOBUL
8740 2079 4.49 GLOBOBUL
9370 2201 4.15 GLOBOBUL
9380 2203 4.14 GLOBOBUL
9389 2205 4.06 GLOBOBUL
9400 2207 4.22 GLOBOBUL
9420 2211 3.93 GLOBOBUL
9429 2213 3.99 GLOBOBUL
9510 2229 3.6 GLOBOBUL
9630 2263 3.51 GLOBOBUL
9640 2266 3.76 GLOBOBUL
9700 2284 3.9 GLOBOBUL
9750 2298 3.95 GLOBOBUL
9860 2342 3.59 GLOBOBUL
9980 2375 3.96 GLOBOBUL
9990 2378 3.83 GLOBOBUL
10000 2380 3.8 GLOBOBUL
10020 2386 3.71 GLOBOBUL
10030 2388 3.9 GLOBOBUL
10050 2395 3.96 GLOBOBUL
10060 2398 4 GLOBOBUL
10430 2469 3.57 GLOBOBUL
10870 2538 4.23 GLOBOBUL
10880 2540 4.21 GLOBOBUL
11140 2591 3.64 GLOBOBUL
5650 1392 3.69 GLOBOCAS
5712 1404 3.48 GLOBOCAS
6140 1495 3.5 GLOBOCAS
9590 2252 3.24 GLOBOCAS
10140 2425 3.58 GLOBOCAS
10150 2428 3.3 GLOBOCAS
10160 2430 3.59 GLOBOCAS
10170 2431 3.4 GLOBOCAS
10180 2433 3.53 GLOBOCAS
10190 2434 3.53 GLOBOCAS
10200 2435 3.59 GLOBOCAS
10210 2437 3.73 GLOBOCAS
10220 2438 3.94 GLOBOCAS
10960 2550 3.53 GLOBOGYR
5295 1316 3.79 GLOBORID
6530 1603 3.61 GLOBORID
9410 2209 4.04 GLOBORID
11150 2593 3.34 GLOBORID
11160 2595 3.83 GLOBORID
10470 2475 3.48 GLOBORIG
11010 2561 3.9 GYRGLOB
4465 1131 4.42 GYROID
4645 1163 3.92 GYROID
9960 2370 3.93 GYROID
700 153 5.06 HELEGANS
1084 255 4.77 HELEGANS
1334 324 3.73 HELEGANS
1354 329 3.69 HELEGANS
1364 331 3.49 HELEGANS
1664 412 3.77 HELEGANS
1684 416 4.61 HELEGANS
1693 418 4.72 HELEGANS
1895 470 4.11 HELEGANS
2015 507 4.22 HELEGANS
2264 579 4.25 HELEGANS
2405 620 4.41 HELEGANS
2415 621 4.52 HELEGANS
2485 638 5.06 HELEGANS
2515 646 5.06 HELEGANS
2584 664 4.71 HELEGANS
2680 690 3.67 HELEGANS
2750 709 4.07 HELEGANS
3470 884 4.58 HELEGANS
4455 1129 4.71 HELEGANS
7440 1823 3.93 HELEGANS
7530 1841 4.14 HELEGANS
7550 1844 3.97 HELEGANS
7610 1866 3.7 HELEGANS
7620 1873 4.13 HELEGANS
9040 2124 4.18 HELEGANS
6740 1658 4.35 LATIC
10740 2520 3.64 ORIBULGL
397 65 4.7 ORID
590 116 3.88 ORID
1324 321 3.78 ORID
1345 327 3.25 ORID
1485 362 4.71 ORID
1684 416 4.54 ORID
1693 418 4.55 ORID
1703 420 4.83 ORID
1775 437 4.65 ORID
1815 447 4.27 ORID
1841 453 4.51 ORID
1865 459 4.41 ORID
1895 470 4.03 ORID
1915 477 3.89 ORID
1995 503 3.95 ORID
2084 524 3.82 ORID
2103 528 4.1 ORID
2122 533 4.69 ORID
2435 625 5.18 ORID
2455 630 4.77 ORID
2573 661 4.56 ORID
2625 675 4.46 ORID
2660 684 4.33 ORID
2750 709 4.28 ORID
3365 857 3.49 ORID
3470 884 4.64 ORID
3503 892 4.54 ORID
4275 1086 4.06 ORID
4292 1090 4.13 ORID
4305 1094 4.18 ORID
4315 1098 4.26 ORID
5134 1279 3.59 ORID
5440 1351 3.41 ORID
5640 1390 3.71 ORID
5700 1402 3.52 ORID
5895 1439 3.53 ORID
6220 1514 3.88 ORID
6230 1516 3.67 ORID
6250 1520 3.71 ORID
6260 1522 3.7 ORID
6270 1525 3.79 ORID
6280 1527 3.92 ORID
6430 1569 3.75 ORID
6460 1576 4.24 ORID
6490 1588 3.76 ORID
6670 1644 3.7 ORID
6680 1646 3.81 ORID
6690 1647 3.95 ORID
6700 1649 4.26 ORID
6750 1660 4.21 ORID
7050 1731 4.09 ORID
7070 1736 3.83 ORID
7700 1921 3.86 ORID
7820 1955 4.15 ORID
7829 1957 4.32 ORID
8178 2018 3.42 ORID
8200 2021 3.45 ORID
8210 2022 3.58 ORID
8218 2023 3.76 ORID
8230 2024 3.76 ORID
9010 2118 3.71 ORID
9018 2119 3.66 ORID
9050 2127 4.01 ORID
9089 2134 3.38 ORID
9110 2138 3.48 ORID
9500 2227 3.62 ORID
9510 2229 3.67 ORID
9520 2231 3.47 ORID
9571 2246 4.11 ORID
9610 2258 4.13 ORID
9620 2260 4.17 ORID
9660 2272 3.48 ORID
9660 2272 3.93 ORID
9950 2367 3.74 ORID
10280 2447 4.27 ORID
10370 2460 3.56 ORID
10450 2472 3.32 ORID
10500 2479 3.88 ORID
11170 2598 3.73 ORID
6590 1622 3.78 ORIDBUL
7749 1937 3.77 ORIDBUL
8280 2030 3.8 ORIDBUL
6630 1635 3.74 ORIDBULL
9100 2136 3.47 ORIDGLOB
10440 2470 3.58 ORIDGLOB
10731 2519 3.56 ORIDGLOB
11110 2584 3.47 ORIDGLOB
7210 1772 3.44 ORIDGYR
9910 2357 4.05 ORIDGYR
9941 2365 3.58 ORIDGYR
3795 965 4.64 ORIDMIX
4470 1132 3.8 ORIDMIX
4775 1203 4.33 ORIDMIX
6500 1592 3.74 ORIDMIX
6557 1612 3.48 ORIDMIX
6570 1616 3.82 ORIDMIX
10118 2418 3.81 ORIDMIX
11000 2559 3.73 ORIDMIX
4745 1190 3.96 ORIDSBUL
2587 665 4.53 ORIDUVIG
6110 1484 3.52 ORIDUVIG
6480 1584 4.18 ORIDUVIG
10750 2522 3.72 ORIDUVIG
10400 2465 3.52 ORIGLOBU
10950 2549 3.44 ORIGYRGL
10920 2545 3.35 ORIGYRPY
11100 2582 3.44 ORIGYRST
2392 617 3.65 PWUELCIB
3723 947 3.61 PWUELCIB
3730 948 3.27 PWUELCIB
4775 1203 4.25 PWUELCIB
4975 1242 3.04 PWUELCIB
5215 1297 4.08 PWUELCIB
6130 1490 3.39 PWUELCIB
6160 1501 4.22 PWUELCIB
6180 1505 4.13 PWUELCIB
6190 1508 4.26 PWUELCIB
6240 1518 3.88 PWUELCIB
6260 1522 3.85 PWUELCIB
6460 1576 4.04 PWUELCIB
6580 1619 3.65 PWUELCIB
6650 1641 3.59 PWUELCIB
6670 1644 3.54 PWUELCIB
6770 1665 4.11 PWUELCIB
7225 1775 3.41 PWUELCIB
7450 1826 3.58 PWUELCIB
7580 1849 3.64 PWUELCIB
7759 1941 3.7 PWUELCIB
8190 2020 3.13 PWUELCIB
8200 2021 3.14 PWUELCIB
8260 2028 3.63 PWUELCIB
8290 2031 3.69 PWUELCIB
9300 2187 3.52 PWUELCIB
9650 2269 3.8 PWUELCIB
9800 2317 3.52 PWUELCIB
9810 2321 3.5 PWUELCIB
9840 2334 3.3 PWUELCIB
9870 2346 3.07 PWUELCIB
9880 2349 3.84 PWUELCIB
9900 2354 3.73 PWUELCIB
9920 2359 3.62 PWUELCIB
10091 2409 3.7 PWUELCIB
10100 2412 3.65 PWUELCIB
10330 2454 3.64 PWUELCIB
10350 2457 3.81 PWUELCIB
10360 2459 3.87 PWUELCIB
10850 2536 3.79 PWUELCIB
10010 2383 3.65 PWUELCIL
11130 2588 3.17 PWUELCIL
290 46 4.35 PWUELL
843 200 3.62 PWUELL
1324 321 3.6 PWUELL
1755 432 4.58 PWUELL
1765 434 4.62 PWUELL
1815 447 4.51 PWUELL
1845 454 4.41 PWUELL
1855 457 4.51 PWUELL
1875 463 4.4 PWUELL
1885 466 4.27 PWUELL
1985 501 3.78 PWUELL
2090 525 4 PWUELL
2215 562 4.06 PWUELL
2285 586 4.07 PWUELL
2415 621 4.6 PWUELL
2422 623 4.74 PWUELL
2440 626 4.89 PWUELL
2485 638 4.67 PWUELL
2690 692 3.92 PWUELL
2710 698 4.09 PWUELL
3725 947 3.66 PWUELL
4415 1122 4.2 PWUELL
4475 1133 4.3 PWUELL
4491 1136 4.4 PWUELL
4645 1163 3.59 PWUELL
4651 1164 3.8 PWUELL
4725 1181 3.87 PWUELL
4725 1181 3.71 PWUELL
4735 1186 4.15 PWUELL
4745 1190 3.85 PWUELL
4756 1195 3.88 PWUELL
4795 1210 4.49 PWUELL
4985 1244 3.71 PWUELL
5104 1271 3.93 PWUELL
5265 1309 3.83 PWUELL
5285 1314 3.54 PWUELL
5295 1316 3.72 PWUELL
5295 1316 3.6 PWUELL
5306 1320 3.82 PWUELL
5355 1334 4.52 PWUELL
5560 1375 4.31 PWUELL
5740 1409 3.84 PWUELL
5750 1411 3.75 PWUELL
5756 1412 4.03 PWUELL
5770 1415 3.75 PWUELL
5775 1416 4.01 PWUELL
5780 1417 3.9 PWUELL
5785 1418 4.21 PWUELL
5795 1420 4.33 PWUELL
5805 1422 4.39 PWUELL
5820 1425 4.14 PWUELL
5825 1425 4.3 PWUELL
5895 1439 3.43 PWUELL
5930 1445 3.28 PWUELL
5950 1449 3.43 PWUELL
5960 1451 3.49 PWUELL
5970 1453 3.37 PWUELL
5980 1455 3.75 PWUELL
5990 1456 3.81 PWUELL
6070 1471 3.24 PWUELL
6090 1477 3.53 PWUELL
6100 1481 3.45 PWUELL
6120 1487 3.46 PWUELL
6150 1499 3.78 PWUELL
6210 1512 4.31 PWUELL
6370 1554 3.77 PWUELL
6410 1566 3.5 PWUELL
6420 1567 3.33 PWUELL
6462 1577 4.16 PWUELL
6480 1584 4.01 PWUELL
6490 1588 3.93 PWUELL
6498 1591 3.72 PWUELL
6510 1596 4.38 PWUELL
6520 1599 3.87 PWUELL
6520 1599 3.75 PWUELL
6540 1606 3.47 PWUELL
6550 1610 3.49 PWUELL
6560 1613 3.4 PWUELL
6570 1616 3.64 PWUELL
6590 1622 3.86 PWUELL
6598 1625 3.89 PWUELL
6608 1628 3.82 PWUELL
6640 1638 4.02 PWUELL
6700 1649 4.31 PWUELL
6708 1650 4.16 PWUELL
6720 1653 4.34 PWUELL
6730 1655 4.17 PWUELL
6740 1658 4.31 PWUELL
6740 1658 4.28 PWUELL
6750 1660 4.26 PWUELL
6750 1660 4.4 PWUELL
6760 1663 4.35 PWUELL
6760 1663 4.17 PWUELL
6780 1668 4.28 PWUELL
6780 1668 4.22 PWUELL
6790 1670 4.06 PWUELL
6810 1675 3.83 PWUELL
6818 1677 3.79 PWUELL
6830 1679 3.84 PWUELL
6840 1682 3.78 PWUELL
6840 1682 3.66 PWUELL
6850 1684 3.73 PWUELL
6870 1689 3.83 PWUELL
6880 1691 3.97 PWUELL
6890 1693 3.89 PWUELL
6960 1709 4.06 PWUELL
7031 1726 3.99 PWUELL
7240 1778 3.57 PWUELL
7250 1780 3.61 PWUELL
7268 1784 3.85 PWUELL
7300 1790 4.23 PWUELL
7330 1797 4.14 PWUELL
7400 1812 3.64 PWUELL
7480 1832 3.88 PWUELL
7490 1834 3.71 PWUELL
7510 1838 3.93 PWUELL
7550 1844 3.6 PWUELL
7560 1846 3.82 PWUELL
7605 1863 3.95 PWUELL
7620 1873 3.73 PWUELL
7740 1934 3.66 PWUELL
7741 1934 3.67 PWUELL
7760 1941 3.68 PWUELL
7779 1946 3.51 PWUELL
7960 1984 3.33 PWUELL
8000 1990 3.93 PWUELL
8040 1996 3.85 PWUELL
8060 1999 3.94 PWUELL
8070 2001 3.91 PWUELL
8218 2023 3.41 PWUELL
8230 2024 3.61 PWUELL
8270 2029 3.84 PWUELL
8300 2032 3.88 PWUELL
8310 2033 4.04 PWUELL
8320 2034 4.03 PWUELL
8330 2035 4.02 PWUELL
8340 2036 3.63 PWUELL
8350 2037 3.98 PWUELL
8365 2039 3.92 PWUELL
8380 2040 3.95 PWUELL
8390 2042 3.95 PWUELL
8401 2043 4 PWUELL
8410 2044 3.99 PWUELL
8420 2045 4.08 PWUELL
8429 2046 4.09 PWUELL
8439 2047 3.9 PWUELL
8449 2048 3.87 PWUELL
8479 2051 3.98 PWUELL
8490 2052 3.8 PWUELL
8500 2053 3.72 PWUELL
8518 2055 3.8 PWUELL
8530 2057 3.75 PWUELL
8541 2058 3.67 PWUELL
8550 2059 3.72 PWUELL
8710 2076 4.26 PWUELL
8740 2079 4.25 PWUELL
8789 2086 4.01 PWUELL
9000 2115 3.6 PWUELL
9270 2178 3.64 PWUELL
9290 2184 3.67 PWUELL
9310 2189 3.69 PWUELL
9440 2215 3.39 PWUELL
9480 2223 3.59 PWUELL
9490 2225 3.32 PWUELL
9510 2229 4.03 PWUELL
9520 2231 3.28 PWUELL
9539 2237 3.9 PWUELL
9600 2255 3.44 PWUELL
9610 2258 3.1 PWUELL
9620 2260 3.21 PWUELL
9630 2263 3.72 PWUELL
9635 2265 3.46 PWUELL
9640 2266 3.47 PWUELL
9650 2269 3.56 PWUELL
9668 2275 3.56 PWUELL
9680 2278 3.48 PWUELL
9690 2281 3.52 PWUELL
9700 2284 3.28 PWUELL
9730 2293 3.7 PWUELL
9750 2298 3.31 PWUELL
9770 2304 3.57 PWUELL
9791 2313 3.71 PWUELL
9830 2330 3.54 PWUELL
9860 2342 3.33 PWUELL
9930 2362 3.73 PWUELL
10060 2398 3.53 PWUELL
10070 2402 3.79 PWUELL
10110 2415 3.71 PWUELL
10130 2422 3.59 PWUELL
10180 2433 3.47 PWUELL
10220 2438 3.77 PWUELL
10261 2444 4.29 PWUELL
10290 2449 4.13 PWUELL
10300 2450 4.07 PWUELL
10310 2451 4.18 PWUELL
10320 2453 3.86 PWUELL
10460 2473 3.44 PWUELL
10480 2476 3.54 PWUELL
10490 2478 3.92 PWUELL
10510 2481 4.18 PWUELL
10770 2525 4.11 PWUELL
10840 2534 4.14 PWUELL
10980 2555 3.72 PWUELL
11020 2564 3.81 PWUELL
11030 2566 3.67 PWUELL
11180 2600 3.73 PWUELL
10030 2388 3.45 PWUELLAT
10938 2547 3.13 PWUELLAT
6170 1503 4.25 PWUELMEL
6348 1547 3.94 PWUELMEL
10860 2537 4.04 PWUELMEL
11118 2586 3.52 PYRGGLOB
9850 2338 3.49 PYRGO
4502 1138 4.15 SBULGBUL
10411 2466 3.49 SBULGBUL
5660 1394 3.54 SBULL
5690 1400 3.52 SBULL
5700 1402 3.55 SBULL
5712 1404 3.51 SBULL
5720 1406 3.66 SBULL
6600 1625 3.67 SBULL
6680 1646 3.61 SBULL
6800 1673 4.26 SBULL
10380 2462 3.44 SBULL
4755 1194 3.93 SBULLGBU
5650 1392 3.99 SBULLGLO
5680 1398 3.77 SBULLGLO
5730 1408 3.72 SBULLGLO
10418 2467 3.52 SBULPYRG
10968 2552 3.63 STYLOS

