Paleocean Site Data 
   
   
   
   
'-999'   
   
   
   
   
   
   
   
   
Trans. Of the Royal
   
   
lower Pleistocene.  
and B. Source of
   
   
   
CORE: ODP-677  
depth kyrBP d18Oforams-p notes
40 6 -2.22 GRUBER
50 8 -1.73 GRUBER
60 9 -1.16 GRUBER
68 11 -1.23 GRUBER
80 12 -0.89 GRUBER
80 12 -1.12 GRUBER
90 14 -0.87 GRUBER
98 15 -0.69 GRUBER
110 17 -0.45 GRUBER
120 19 -0.66 GRUBER
130 21 -0.46 GRUBER
140 22 -0.63 GRUBER
150 24 -0.73 GRUBER
160 25 -0.77 GRUBER
170 27 -0.84 GRUBER
180 29 -0.62 GRUBER
190 30 -0.97 GRUBER
200 32 -1.25 GRUBER
200 32 -1.21 GRUBER
210 34 -1.05 GRUBER
210 34 -0.98 GRUBER
220 35 -1.1 GRUBER
220 35 -1.05 GRUBER
230 37 -1.29 GRUBER
240 38 -1.26 GRUBER
247 39 -1.12 GRUBER
258 41 -1.24 GRUBER
270 43 -1.17 GRUBER
280 45 -1.35 GRUBER
290 46 -1.16 GRUBER
303 49 -1.55 GRUBER
310 50 -1.41 GRUBER
320 51 -1.52 GRUBER
330 53 -1.47 GRUBER
340 55 -1.48 GRUBER
350 56 -1.13 GRUBER
360 58 -1.22 GRUBER
370 59 -1.21 GRUBER
380 61 -1.2 GRUBER
390 63 -1.29 GRUBER
390 63 -1.12 GRUBER
397 65 -1.06 GRUBER
400 65 -1.2 GRUBER
408 67 -1.37 GRUBER
410 68 -1.21 GRUBER
420 70 -1.8 GRUBER
420 70 -1.43 GRUBER
430 72 -1.76 GRUBER
430 72 -1.59 GRUBER
440 74 -1.66 GRUBER
450 76 -1.83 GRUBER
460 78 -1.72 GRUBER
460 78 -1.91 GRUBER
470 81 -1.91 GRUBER
470 81 -1.91 GRUBER
470 81 -1.79 GRUBER
478 82 -1.58 GRUBER
480 83 -1.56 GRUBER
480 83 -1.47 GRUBER
490 85 -1.44 GRUBER
490 85 -1.4 GRUBER
490 85 -1.18 GRUBER
498 87 -1.66 GRUBER
498 87 -1.6 GRUBER
500 88 -1.66 GRUBER
510 91 -1.74 GRUBER
513 92 -1.53 GRUBER
513 92 -1.64 GRUBER
520 94 -1.89 GRUBER
520 94 -1.85 GRUBER
520 94 -1.71 GRUBER
530 97 -1.93 GRUBER
530 97 -1.91 GRUBER
540 100 -1.85 GRUBER
540 100 -2 GRUBER
540 100 -1.91 GRUBER
550 103 -1.85 GRUBER
560 107 -1.81 GRUBER
560 107 -1.76 GRUBER
560 107 -1.73 GRUBER
570 110 -1.86 GRUBER
570 110 -2 GRUBER
570 110 -2.01 GRUBER
570 110 -1.44 GRUBER
580 113 -1.81 GRUBER
580 113 -1.77 GRUBER
590 116 -1.89 GRUBER
590 116 -1.83 GRUBER
600 119 -2.11 GRUBER
600 119 -1.73 GRUBER
610 122 -2.18 GRUBER
610 122 -2.5 GRUBER
620 125 -1.7 GRUBER
628 128 -1.34 GRUBER
640 132 -0.51 GRUBER
650 136 -0.53 GRUBER
660 139 -0.57 GRUBER
670 143 -0.57 GRUBER
680 146 -0.56 GRUBER
690 150 -0.65 GRUBER
700 153 -0.78 GRUBER
710 157 -0.95 GRUBER
720 160 -0.95 GRUBER
730 164 -0.57 GRUBER
740 167 -0.87 GRUBER
750 171 -0.6 GRUBER
760 174 -0.71 GRUBER
770 178 -0.6 GRUBER
778 180 -0.69 GRUBER
790 185 -0.79 GRUBER
793 186 -0.84 GRUBER
800 188 -0.75 GRUBER
805 190 -0.86 GRUBER
810 192 -1.14 GRUBER
817 194 -1.81 GRUBER
843 200 -1.64 GRUBER
854 202 -1.81 GRUBER
854 202 -1.71 GRUBER
874 207 -1.5 GRUBER
874 207 -1.47 GRUBER
884 209 -1.61 GRUBER
884 209 -1.59 GRUBER
895 212 -1.6 GRUBER
905 214 -2.08 GRUBER
915 216 -1.38 GRUBER
926 218 -1.19 GRUBER
936 220 -1.15 GRUBER
945 222 -1.16 GRUBER
955 224 -1.04 GRUBER
968 227 -0.9 GRUBER
1015 237 -1.71 GRUBER
1024 239 -1.62 GRUBER
1034 242 -1.23 GRUBER
1045 245 -0.69 GRUBER
1054 247 -0.94 GRUBER
1064 250 -0.81 GRUBER
1074 252 -0.81 GRUBER
1084 255 -0.81 GRUBER
1094 258 -0.91 GRUBER
1103 260 -0.99 GRUBER
1117 264 -0.83 GRUBER
1125 266 -0.99 GRUBER
1135 268 -0.67 GRUBER
1144 271 -1.03 GRUBER
1154 273 -1.07 GRUBER
1164 276 -1.05 GRUBER
1174 279 -1.1 GRUBER
1195 284 -1.53 GRUBER
1202 286 -2.18 GRUBER
1214 290 -1.96 GRUBER
1224 293 -1.37 GRUBER
1236 297 -1.39 GRUBER
1242 298 -1.41 GRUBER
1254 302 -1.62 GRUBER
1265 305 -1.71 GRUBER
1274 307 -1.67 GRUBER
1285 310 -1.74 GRUBER
1285 310 -1.61 GRUBER
1293 312 -1.72 GRUBER
1304 315 -1.84 GRUBER
1314 318 -1.96 GRUBER
1324 321 -2.07 GRUBER
1334 324 -1.82 GRUBER
1345 327 -2.14 GRUBER
1354 329 -2.54 GRUBER
1364 331 -2.18 GRUBER
1374 333 -1.13 GRUBER
1384 335 -0.92 GRUBER
1394 337 -0.37 GRUBER
1404 339 -0.55 GRUBER
1417 343 -0.57 GRUBER
1426 345 -0.9 GRUBER
1435 348 -1.21 GRUBER
1443 350 -0.77 GRUBER
1455 354 -1.2 GRUBER
1460 355 -0.74 GRUBER
1465 357 -0.82 GRUBER
1470 358 -1.21 GRUBER
1477 360 -0.97 GRUBER
1480 361 -0.97 GRUBER
1490 364 -0.62 GRUBER
1495 365 -1.35 GRUBER
1500 367 -1.31 GRUBER
1505 368 -1.3 GRUBER
1510 369 -1.34 GRUBER
1514 371 -1.15 GRUBER
1520 372 -1.56 GRUBER
1525 374 -1.11 GRUBER
1530 375 -1.42 GRUBER
1535 377 -1.14 GRUBER
1540 378 -1.46 GRUBER
1545 379 -1.3 GRUBER
1550 381 -1.55 GRUBER
1555 382 -1.83 GRUBER
1560 384 -1.59 GRUBER
1567 386 -1.33 GRUBER
1570 387 -1.69 GRUBER
1575 388 -1.67 GRUBER
1578 389 -1.94 GRUBER
1585 391 -1.8 GRUBER
1590 392 -2.02 GRUBER
1593 393 -1.84 GRUBER
1600 395 -2.2 GRUBER
1605 397 -2.22 GRUBER
1608 398 -2.31 GRUBER
1614 399 -2.48 GRUBER
1624 402 -2.5 GRUBER
1634 405 -2.66 GRUBER
1645 407 -2.38 GRUBER
1654 409 -2.34 GRUBER
1664 412 -2.03 GRUBER
1674 414 -1.68 GRUBER
1684 416 -1.59 GRUBER
1684 416 -1.45 GRUBER
1693 418 -0.51 GRUBER
1703 420 -0.64 GRUBER
1735 427 -0.46 GRUBER
1745 429 -0.63 GRUBER
1755 432 -0.91 GRUBER
1765 434 -0.75 GRUBER
1775 437 -0.87 GRUBER
1785 439 -0.67 GRUBER
1792 441 -1.13 GRUBER
1792 441 -0.83 GRUBER
1805 444 -1.1 GRUBER
1815 447 -1.11 GRUBER
1823 449 -1.08 GRUBER
1835 452 -1.44 GRUBER
1841 453 -1.35 GRUBER
1845 454 -1.4 GRUBER
1855 457 -1.23 GRUBER
1865 459 -1.48 GRUBER
1875 463 -1.34 GRUBER
1875 463 -1.31 GRUBER
1885 466 -1.35 GRUBER
1885 466 -1 GRUBER
1895 470 -1.14 GRUBER
1895 470 -1.7 GRUBER
1905 474 -1.91 GRUBER
1905 474 -1.88 GRUBER
1915 477 -1.9 GRUBER
1915 477 -1.55 GRUBER
1925 481 -2.05 GRUBER
1925 481 -2.04 GRUBER
1935 484 -1.99 GRUBER
1935 484 -1.78 GRUBER
1942 487 -1.84 GRUBER
1942 487 -1.62 GRUBER
1955 491 -1.73 GRUBER
1955 491 -1.33 GRUBER
1965 494 -1.66 GRUBER
1965 494 -1.61 GRUBER
1973 497 -1.3 GRUBER
1973 497 -1.73 GRUBER
1985 501 -1.84 GRUBER
1985 501 -1.69 GRUBER
1995 503 -1.62 GRUBER
2005 505 -1.5 GRUBER
2015 507 -1.53 GRUBER
2025 509 -1.3 GRUBER
2035 512 -1.17 GRUBER
2045 514 -1.32 GRUBER
2055 517 -1.34 GRUBER
2065 519 -1.4 GRUBER
2075 521 -1.43 GRUBER
2084 524 -1.69 GRUBER
2092 526 -1.63 GRUBER
2103 528 -1.52 GRUBER
2114 531 -1.52 GRUBER
2122 533 -1.29 GRUBER
2134 537 -1.1 GRUBER
2145 540 -1.42 GRUBER
2155 543 -1.31 GRUBER
2165 546 -1.36 GRUBER
2175 550 -1.67 GRUBER
2185 553 -1.55 GRUBER
2195 556 -1.66 GRUBER
2205 559 -2.15 GRUBER
2215 562 -1.96 GRUBER
2225 565 -2.23 GRUBER
2235 568 -1.92 GRUBER
2242 571 -2.16 GRUBER
2255 575 -2.2 GRUBER
2260 578 -1.45 GRUBER
2264 579 -1.66 GRUBER
2270 582 -1.42 GRUBER
2275 583 -1.55 GRUBER
2279 584 -1.43 GRUBER
2285 586 -1.51 GRUBER
2290 587 -1.79 GRUBER
2310 591 -1.72 GRUBER
2320 594 -1.82 GRUBER
2325 595 -1.97 GRUBER
2325 595 -1.81 GRUBER
2330 596 -1.94 GRUBER
2335 598 -1.58 GRUBER
2335 598 -1.93 GRUBER
2340 599 -1.92 GRUBER
2345 601 -1.68 GRUBER
2345 601 -1.68 GRUBER
2350 602 -1.65 GRUBER
2355 604 -1.58 GRUBER
2355 604 -1.78 GRUBER
2360 606 -1.7 GRUBER
2365 608 -1.85 GRUBER
2365 608 -1.72 GRUBER
2375 612 -2.23 GRUBER
2375 612 -1.99 GRUBER
2380 614 -1.93 GRUBER
2385 616 -2.08 GRUBER
2385 616 -2.02 GRUBER
2390 617 -1.89 GRUBER
2392 617 -2.39 GRUBER
2392 617 -1.83 GRUBER
2392 617 -1.78 GRUBER
2395 618 -1.78 GRUBER
2400 619 -1.44 GRUBER
2405 620 -1.32 GRUBER
2405 620 -0.98 GRUBER
2410 621 -0.98 GRUBER
2415 621 -0.92 GRUBER
2415 621 -0.83 GRUBER
2422 623 -0.43 GRUBER
2422 623 -0.39 GRUBER
2435 625 -0.52 GRUBER
2435 625 -0.19 GRUBER
2445 627 -0.31 GRUBER
2445 627 -0.29 GRUBER
2455 630 -0.57 GRUBER
2455 630 -0.71 GRUBER
2465 633 -0.48 GRUBER
2465 633 -0.59 GRUBER
2475 635 -0.71 GRUBER
2475 635 -0.61 GRUBER
2475 635 -0.3 GRUBER
2485 638 -0.46 GRUBER
2485 638 -0.65 GRUBER
2495 641 -0.6 GRUBER
2495 641 -0.52 GRUBER
2505 643 -1.01 GRUBER
2505 643 -0.95 GRUBER
2515 646 -0.75 GRUBER
2515 646 -0.8 GRUBER
2525 649 -0.65 GRUBER
2525 649 -0.55 GRUBER
2535 651 -0.92 GRUBER
2535 651 -0.71 GRUBER
2542 653 -0.65 GRUBER
2542 653 -0.77 GRUBER
2555 656 -0.66 GRUBER
2555 656 -0.56 GRUBER
2564 659 -0.97 GRUBER
2564 659 -0.34 GRUBER
2565 659 -0.97 GRUBER
2573 661 -1.11 GRUBER
2573 661 -0.77 GRUBER
2573 661 -1.23 GRUBER
2584 664 -1.27 GRUBER
2584 664 -1.15 GRUBER
2594 667 -0.98 GRUBER
2594 667 -1.04 GRUBER
2604 669 -1.39 GRUBER
2604 669 -1.29 GRUBER
2614 672 -1.5 GRUBER
2614 672 -1.42 GRUBER
2625 675 -1.22 GRUBER
2625 675 -1.4 GRUBER
2635 678 -1.46 GRUBER
2635 678 -1.37 GRUBER
2645 680 -1.8 GRUBER
2645 680 -1.5 GRUBER
2655 683 -1.87 GRUBER
2655 683 -1.74 GRUBER
2660 684 -1.71 GRUBER
2664 685 -1.91 GRUBER
2664 685 -1.88 GRUBER
2670 687 -2.04 GRUBER
2674 688 -2.09 GRUBER
2674 688 -1.91 GRUBER
2680 690 -1.94 GRUBER
2684 691 -1.74 GRUBER
2684 691 -1.83 GRUBER
2690 692 -1.83 GRUBER
2700 695 -1.63 GRUBER
2710 698 -1.6 GRUBER
2720 701 -1.37 GRUBER
2730 703 -1.18 GRUBER
2740 706 -1.51 GRUBER
2750 709 -1.59 GRUBER
2760 712 -1.44 GRUBER
2770 714 -0.73 GRUBER
2780 717 -0.73 GRUBER
2790 719 -0.74 GRUBER
2800 722 -0.98 GRUBER
2806 723 -0.92 GRUBER
2810 724 -0.94 GRUBER
2814 725 -1.11 GRUBER
2820 727 -1.17 GRUBER
2824 728 -1.28 GRUBER
2830 729 -1.29 GRUBER
2834 731 -1.42 GRUBER
2840 732 -1.45 GRUBER
2841 732 -1.36 GRUBER
2877 742 -0.98 GRUBER
2885 744 -1.06 GRUBER
2895 746 -0.94 GRUBER
2905 749 -0.96 GRUBER
2912 750 -0.8 GRUBER
2925 754 -1.1 GRUBER
2935 756 -1.14 GRUBER
2946 759 -1.07 GRUBER
2955 761 -1.14 GRUBER
2965 764 -1.39 GRUBER
2975 767 -1.31 GRUBER
2985 769 -1.74 GRUBER
2994 771 -1.57 GRUBER
3005 774 -1.77 GRUBER
3016 777 -1.72 GRUBER
3024 779 -1.71 GRUBER
3031 781 -1.74 GRUBER
3043 784 -2.11 GRUBER
3055 786 -1.63 GRUBER
3065 788 -1.47 GRUBER
3074 790 -1.13 GRUBER
3085 792 -0.66 GRUBER
3095 794 -0.62 GRUBER
3105 796 -0.67 GRUBER
3115 798 -0.73 GRUBER
3125 799 -0.49 GRUBER
3135 801 -0.88 GRUBER
3145 803 -1.07 GRUBER
3152 804 -1.18 GRUBER
3162 806 -1.08 GRUBER
3174 809 -1.09 GRUBER
3184 810 -1.32 GRUBER
3193 812 -1.47 GRUBER
3193 812 -1.31 GRUBER
3204 814 -1.72 GRUBER
3204 814 -1.27 GRUBER
3215 816 -1.67 GRUBER
3215 816 -1.75 GRUBER
3225 818 -1.38 GRUBER
3225 818 -1.43 GRUBER
3235 820 -1.89 GRUBER
3235 820 -1.61 GRUBER
3245 822 -1.88 GRUBER
3245 822 -1.77 GRUBER
3255 825 -1.7 GRUBER
3255 825 -1.74 GRUBER
3265 828 -1.57 GRUBER
3265 828 -1.39 GRUBER
3275 831 -1.75 GRUBER
3275 831 -1.71 GRUBER
3285 834 -1.75 GRUBER
3285 834 -1.62 GRUBER
3295 837 -1.75 GRUBER
3295 837 -1.72 GRUBER
3305 840 -1.83 GRUBER
3305 840 -1.77 GRUBER
3315 843 -1.87 GRUBER
3315 843 -1.75 GRUBER
3315 843 -1.6 GRUBER
3325 846 -1.44 GRUBER
3325 846 -1.52 GRUBER
3325 846 -1.39 GRUBER
3334 848 -1.61 GRUBER
3334 848 -1.6 GRUBER
3343 851 -1.65 GRUBER
3343 851 -1.6 GRUBER
3355 854 -1.8 GRUBER
3355 854 -1.65 GRUBER
3365 857 -1.78 GRUBER
3365 857 -1.65 GRUBER
3375 860 -1.92 GRUBER
3375 860 -1.71 GRUBER
3385 862 -1.7 GRUBER
3395 865 -0.89 GRUBER
3395 865 -0.64 GRUBER
3395 865 -0.8 GRUBER
3405 867 -0.83 GRUBER
3405 867 -0.35 GRUBER
3415 870 -0.36 GRUBER
3415 870 -0.35 GRUBER
3425 872 -0.27 GRUBER
3425 872 -0.46 GRUBER
3435 875 -0.28 GRUBER
3435 875 -0.4 GRUBER
3445 877 -0.81 GRUBER
3445 877 -0.74 GRUBER
3455 880 -0.95 GRUBER
3455 880 -0.7 GRUBER
3465 882 -0.73 GRUBER
3465 882 -0.7 GRUBER
3467 883 -0.7 GRUBER
3467 883 -0.1 GRUBER
3470 884 -0.83 GRUBER
3475 885 -0.74 GRUBER
3475 885 -0.64 GRUBER
3480 886 -0.75 GRUBER
3485 887 -0.82 GRUBER
3485 887 -0.69 GRUBER
3490 889 -0.69 GRUBER
3493 889 -0.78 GRUBER
3493 889 -0.69 GRUBER
3503 892 -0.68 GRUBER
3505 892 -0.74 GRUBER
3505 892 -0.71 GRUBER
3510 894 -0.73 GRUBER
3515 895 -0.96 GRUBER
3515 895 -0.89 GRUBER
3520 896 -0.75 GRUBER
3525 897 -1.18 GRUBER
3525 897 -1.22 GRUBER
3530 899 -0.92 GRUBER
3535 900 -1.01 GRUBER
3535 900 -0.96 GRUBER
3536 900 -1.3 GRUBER
3545 902 -1.02 GRUBER
3545 902 -1.32 GRUBER
3550 904 -1.3 GRUBER
3555 905 -1.45 GRUBER
3555 905 -1.35 GRUBER
3560 906 -1.34 GRUBER
3565 907 -1.34 GRUBER
3565 907 -1.09 GRUBER
3573 909 -1.25 GRUBER
3575 910 -1.26 GRUBER
3575 910 -1.05 GRUBER
3580 911 -1.36 GRUBER
3585 912 -0.76 GRUBER
3585 912 -0.81 GRUBER
3588 913 -0.8 GRUBER
3600 916 -0.96 GRUBER
3605 917 -0.95 GRUBER
3605 917 -0.92 GRUBER
3610 918 -0.95 GRUBER
3615 920 -1.2 GRUBER
3615 920 -0.77 GRUBER
3620 921 -1.03 GRUBER
3625 922 -1 GRUBER
3625 922 -0.84 GRUBER
3630 923 -1.16 GRUBER
3635 925 -1.11 GRUBER
3635 925 -1.14 GRUBER
3643 927 -1.43 GRUBER
3650 928 -1.26 GRUBER
3650 928 -1.25 GRUBER
3655 930 -1.48 GRUBER
3655 930 -1.35 GRUBER
3660 931 -1.43 GRUBER
3665 932 -1.24 GRUBER
3665 932 -1.21 GRUBER
3670 933 -1.34 GRUBER
3675 935 -1.44 GRUBER
3675 935 -1.16 GRUBER
3680 936 -1.36 GRUBER
3685 937 -1.4 GRUBER
3685 937 -1.25 GRUBER
3692 939 -1.72 GRUBER
3700 941 -1.35 GRUBER
3705 942 -1.46 GRUBER
3710 943 -1.55 GRUBER
3715 945 -1.65 GRUBER
3723 947 -1.76 GRUBER
3725 947 -1.82 GRUBER
3730 948 -1.89 GRUBER
3736 950 -2.28 GRUBER
3741 951 -1.73 GRUBER
3745 952 -1.82 GRUBER
3750 953 -2.24 GRUBER
3755 955 -1.75 GRUBER
3760 956 -1.61 GRUBER
3765 957 -1.22 GRUBER
3765 957 -1.61 GRUBER
3775 960 -1.11 GRUBER
3775 960 -0.97 GRUBER
3785 962 -0.63 GRUBER
3785 962 -0.83 GRUBER
3795 965 -1.17 GRUBER
3795 965 -0.87 GRUBER
3802 967 -0.85 GRUBER
3805 967 -1.38 GRUBER
3815 970 -1.38 GRUBER
3815 970 -1.7 GRUBER
3825 972 -1.51 GRUBER
3825 972 -1.71 GRUBER
3833 974 -1.68 GRUBER
3835 975 -1.37 GRUBER
3843 977 -1.82 GRUBER
3845 978 -1.8 GRUBER
3855 981 -1.25 GRUBER
3855 981 -1.47 GRUBER
3865 983 -1.62 GRUBER
3865 983 -1.19 GRUBER
3875 986 -1.43 GRUBER
3875 986 -1.16 GRUBER
3885 989 -1.36 GRUBER
3886 989 -1.31 GRUBER
3895 992 -1.34 GRUBER
3895 992 -1.61 GRUBER
3905 995 -1.56 GRUBER
3905 995 -1.47 GRUBER
3915 997 -1.55 GRUBER
3925 1000 -1.44 GRUBER
3935 1002 -1.2 GRUBER
3946 1004 -1.12 GRUBER
3957 1008 -1.14 GRUBER
3965 1011 -1.35 GRUBER
3975 1015 -1.55 GRUBER
3983 1017 -1.26 GRUBER
3992 1021 -1.4 GRUBER
4005 1026 -1.71 GRUBER
4015 1028 -1.69 GRUBER
4025 1029 -1.56 GRUBER
4035 1030 -1.28 GRUBER
4045 1031 -1.16 GRUBER
4055 1033 -1.25 GRUBER
4063 1034 -1.11 GRUBER
4075 1037 -1.35 GRUBER
4085 1040 -1.5 GRUBER
4095 1042 -1.29 GRUBER
4101 1044 -1.5 GRUBER
4115 1047 -1.37 GRUBER
4125 1050 -1.36 GRUBER
4133 1052 -1.38 GRUBER
4142 1054 -1.46 GRUBER
4155 1058 -1.2 GRUBER
4165 1060 -1.47 GRUBER
4175 1063 -1.83 GRUBER
4185 1065 -1.87 GRUBER
4195 1068 -2.07 GRUBER
4205 1070 -1.87 GRUBER
4215 1073 -1.65 GRUBER
4225 1075 -1.31 GRUBER
4235 1077 -1.32 GRUBER
4245 1079 -1.4 GRUBER
4252 1081 -1.14 GRUBER
4265 1084 -1.1 GRUBER
4275 1086 -1.28 GRUBER
4283 1088 -1.42 GRUBER
4292 1090 -1.49 GRUBER
4305 1094 -1.22 GRUBER
4315 1098 -0.98 GRUBER
4325 1101 -0.97 GRUBER
4335 1104 -1.08 GRUBER
4345 1108 -1.41 GRUBER
4355 1111 -1.81 GRUBER
4365 1113 -1.57 GRUBER
4375 1115 -1.26 GRUBER
4385 1116 -1.05 GRUBER
4395 1118 -1.27 GRUBER
4401 1119 -0.99 GRUBER
4415 1122 -1.05 GRUBER
4420 1123 -1.14 GRUBER
4425 1124 -0.64 GRUBER
4430 1124 -0.97 GRUBER
4433 1125 -0.59 GRUBER
4438 1126 -0.96 GRUBER
4442 1127 -0.92 GRUBER
4453 1129 -0.98 GRUBER
4455 1129 -0.97 GRUBER
4460 1130 -1.19 GRUBER
4465 1131 -1.15 GRUBER
4470 1132 -1.18 GRUBER
4480 1134 -1.1 GRUBER
4485 1135 -1.3 GRUBER
4491 1136 -1.43 GRUBER
4495 1136 -1.21 GRUBER
4502 1138 -1.34 GRUBER
4505 1138 -1.48 GRUBER
4510 1139 -1.17 GRUBER
4515 1140 -1.19 GRUBER
4523 1142 -1.4 GRUBER
4530 1143 -1.37 GRUBER
4541 1145 -1.71 GRUBER
4551 1147 -1.55 GRUBER
4560 1148 -1.48 GRUBER
4570 1150 -1.64 GRUBER
4580 1152 -1.56 GRUBER
4591 1154 -1.64 GRUBER
4600 1155 -1.67 GRUBER
4610 1157 -1.91 GRUBER
4620 1159 -1.83 GRUBER
4630 1160 -1.99 GRUBER
4635 1161 -1.93 GRUBER
4641 1162 -1.87 GRUBER
4645 1163 -2.16 GRUBER
4651 1164 -1.8 GRUBER
4655 1165 -1.84 GRUBER
4660 1165 -1.66 GRUBER
4665 1166 -1.82 GRUBER
4673 1167 -1.83 GRUBER
4675 1168 -1.45 GRUBER
4680 1168 -1.43 GRUBER
4687 1170 -1.35 GRUBER
4691 1170 -1.38 GRUBER
4695 1171 -1.39 GRUBER
4700 1172 -1.51 GRUBER
4703 1172 -1.24 GRUBER
4710 1175 -1.44 GRUBER
4715 1177 -1.68 GRUBER
4715 1177 -1.57 GRUBER
4725 1181 -1.85 GRUBER
4725 1181 -1.64 GRUBER
4735 1186 -1.74 GRUBER
4735 1186 -1.49 GRUBER
4745 1190 -1.72 GRUBER
4745 1190 -1.57 GRUBER
4755 1194 -1.78 GRUBER
4756 1195 -1.34 GRUBER
4765 1199 -1.11 GRUBER
4765 1199 -1.24 GRUBER
4775 1203 -1.13 GRUBER
4775 1203 -0.94 GRUBER
4785 1207 -1.03 GRUBER
4785 1207 -0.87 GRUBER
4795 1210 -1.02 GRUBER
4795 1210 -1 GRUBER
4805 1212 -1.17 GRUBER
4805 1212 -0.93 GRUBER
4815 1214 -0.97 GRUBER
4815 1214 -1.29 GRUBER
4825 1216 -1.41 GRUBER
4825 1216 -1.08 GRUBER
4835 1217 -1.34 GRUBER
4835 1217 -1.18 GRUBER
4845 1219 -1.49 GRUBER
4845 1219 -1.4 GRUBER
4853 1221 -1.45 GRUBER
4855 1221 -1.41 GRUBER
4865 1223 -1.01 GRUBER
4875 1225 -1.33 GRUBER
4885 1226 -1.7 GRUBER
4895 1228 -1.51 GRUBER
4906 1230 -1.73 GRUBER
4915 1232 -1.88 GRUBER
4925 1234 -1.66 GRUBER
4935 1235 -1.79 GRUBER
4945 1237 -1.19 GRUBER
4945 1237 -1.27 GRUBER
4955 1239 -1.97 GRUBER
4966 1241 -1.87 GRUBER
4975 1242 -1.57 GRUBER
4985 1244 -1.49 GRUBER
4995 1246 -1.13 GRUBER
5005 1247 -0.62 GRUBER
5015 1249 -0.6 GRUBER
5065 1262 -1.19 GRUBER
5075 1264 -1.2 GRUBER
5085 1266 -1.33 GRUBER
5093 1268 -1.56 GRUBER
5104 1271 -1.1 GRUBER
5115 1274 -1.12 GRUBER
5124 1276 -1.47 GRUBER
5134 1279 -1.5 GRUBER
5144 1281 -1.61 GRUBER
5151 1283 -1.2 GRUBER
5165 1286 -1.06 GRUBER
5175 1288 -1.08 GRUBER
5185 1290 -0.88 GRUBER
5195 1293 -0.84 GRUBER
5206 1295 -1.01 GRUBER
5214 1297 -0.76 GRUBER
5225 1300 -0.91 GRUBER
5235 1302 -1.11 GRUBER
5235 1302 -0.8 GRUBER
5245 1304 -1.12 GRUBER
5245 1304 -0.95 GRUBER
5255 1307 -1.44 GRUBER
5255 1307 -1.23 GRUBER
5265 1309 -1.59 GRUBER
5265 1309 -1.35 GRUBER
5275 1311 -1.81 GRUBER
5275 1311 -1.34 GRUBER
5284 1314 -1.37 GRUBER
5285 1314 -1.77 GRUBER
5295 1316 -1.68 GRUBER
5295 1316 -1.34 GRUBER
5303 1319 -1.25 GRUBER
5306 1320 -1.62 GRUBER
5315 1322 -1.79 GRUBER
5315 1322 -1.2 GRUBER
5325 1325 -1.41 GRUBER
5325 1325 -1.23 GRUBER
5335 1328 -1.33 GRUBER
5335 1328 -1.03 GRUBER
5345 1331 -1.1 GRUBER
5345 1331 -1.05 GRUBER
5355 1334 -1.41 GRUBER
5365 1336 -1.49 GRUBER
5365 1336 -1.39 GRUBER
5375 1338 -1.35 GRUBER
5375 1338 -1.32 GRUBER
5385 1340 -1.35 GRUBER
5385 1340 -1.4 GRUBER
5395 1342 -0.83 GRUBER
5405 1344 -1.05 GRUBER
5415 1346 -0.98 GRUBER
5425 1348 -1.38 GRUBER
5435 1350 -1.55 GRUBER
5446 1352 -1.65 GRUBER
5452 1354 -1.64 GRUBER
5460 1355 -1.68 GRUBER
5465 1356 -1.76 GRUBER
5470 1357 -1.36 GRUBER
5475 1358 -1.63 GRUBER
5480 1359 -1.26 GRUBER
5485 1360 -1.78 GRUBER
5493 1362 -1.23 GRUBER
5495 1362 -1.48 GRUBER
5500 1363 -1.26 GRUBER
5510 1365 -1.41 GRUBER
5515 1366 -0.96 GRUBER
5525 1368 -0.98 GRUBER
5530 1369 -1.38 GRUBER
5533 1369 -0.99 GRUBER
5540 1371 -1.52 GRUBER
5545 1372 -1.29 GRUBER
5550 1373 -1.53 GRUBER
5555 1374 -1.15 GRUBER
5560 1375 -1.41 GRUBER
5564 1376 -1.14 GRUBER
5610 1385 -1.44 GRUBER
5620 1386 -1.34 GRUBER
5630 1388 -1.84 GRUBER
5640 1390 -1.93 GRUBER
5650 1392 -1.75 GRUBER
5660 1394 -1.73 GRUBER
5670 1396 -1.59 GRUBER
5680 1398 -1.91 GRUBER
5690 1400 -1.61 GRUBER
5700 1402 -1.61 GRUBER
5712 1404 -1.82 GRUBER
5720 1406 -1.85 GRUBER
5730 1408 -1.87 GRUBER
5740 1409 -1.83 GRUBER
5750 1411 -1.74 GRUBER
5756 1412 -1.57 GRUBER
5756 1412 -1.34 GRUBER
5760 1413 -1.11 GRUBER
5765 1414 -1.48 GRUBER
5765 1414 -1.17 GRUBER
5770 1415 -1.39 GRUBER
5775 1416 -1.3 GRUBER
5780 1417 -1.01 GRUBER
5785 1418 -1.33 GRUBER
5790 1419 -1.15 GRUBER
5795 1420 -1.24 GRUBER
5800 1421 -1.06 GRUBER
5805 1422 -1.33 GRUBER
5810 1423 -1.11 GRUBER
5815 1424 -1.4 GRUBER
5820 1425 -1.17 GRUBER
5825 1425 -1.51 GRUBER
5830 1426 -1.32 GRUBER
5835 1427 -1.4 GRUBER
5840 1428 -1.45 GRUBER
5845 1429 -1.56 GRUBER
5850 1430 -1.28 GRUBER
5855 1431 -1.37 GRUBER
5860 1432 -1.28 GRUBER
5865 1433 -1.63 GRUBER
5870 1434 -1.45 GRUBER
5875 1435 -1.76 GRUBER
5880 1436 -1.73 GRUBER
5885 1437 -1.65 GRUBER
5890 1438 -1.65 GRUBER
5895 1439 -1.79 GRUBER
5898 1439 -1.7 GRUBER
5910 1441 -1.79 GRUBER
5920 1443 -1.73 GRUBER
5930 1445 -1.86 GRUBER
5940 1447 -1.75 GRUBER
5950 1449 -1.96 GRUBER
5960 1451 -1.8 GRUBER
5970 1453 -1.55 GRUBER
5980 1455 -1.22 GRUBER
5990 1456 -1.21 GRUBER
6000 1458 -0.99 GRUBER
6010 1460 -1.07 GRUBER
6019 1462 -1 GRUBER
6030 1464 -1.19 GRUBER
6040 1465 -1.07 GRUBER
6048 1467 -1.73 GRUBER
6060 1469 -1.9 GRUBER
6070 1471 -1.85 GRUBER
6080 1474 -1.86 GRUBER
6090 1477 -1.64 GRUBER
6100 1481 -1.62 GRUBER
6110 1484 -1.58 GRUBER
6120 1487 -1.72 GRUBER
6130 1490 -1.9 GRUBER
6140 1495 -1.34 GRUBER
6150 1499 -1.05 GRUBER
6160 1501 -1.15 GRUBER
6170 1503 -1.36 GRUBER
6180 1505 -1.21 GRUBER
6190 1508 -1.07 GRUBER
6198 1509 -1.23 GRUBER
6210 1512 -1.45 GRUBER
6220 1514 -1.46 GRUBER
6230 1516 -1.53 GRUBER
6240 1518 -1.43 GRUBER
6250 1520 -1.41 GRUBER
6260 1522 -1.26 GRUBER
6270 1525 -1.07 GRUBER
6280 1527 -1.29 GRUBER
6290 1529 -1.01 GRUBER
6300 1531 -0.84 GRUBER
6310 1534 -0.84 GRUBER
6320 1537 -1.17 GRUBER
6330 1541 -1.4 GRUBER
6340 1544 -1.55 GRUBER
6348 1547 -1.4 GRUBER
6360 1551 -1.48 GRUBER
6370 1554 -1.77 GRUBER
6380 1558 -1.51 GRUBER
6390 1561 -1.82 GRUBER
6400 1564 -1.83 GRUBER
6410 1566 -1.7 GRUBER
6420 1567 -1.52 GRUBER
6430 1569 -1.59 GRUBER
6440 1570 -1.5 GRUBER
6450 1572 -1.02 GRUBER
6460 1576 -1.31 GRUBER
6462 1577 -1.02 GRUBER
6470 1580 -1.12 GRUBER
6470 1580 -1.3 GRUBER
6480 1584 -1.64 GRUBER
6480 1584 -1.49 GRUBER
6490 1588 -1.7 GRUBER
6490 1588 -1.52 GRUBER
6498 1591 -1.47 GRUBER
6500 1592 -1.35 GRUBER
6510 1596 -1.73 GRUBER
6510 1596 -1.73 GRUBER
6520 1599 -1.56 GRUBER
6530 1603 -1.9 GRUBER
6530 1603 -1.75 GRUBER
6540 1606 -1.68 GRUBER
6540 1606 -1.86 GRUBER
6550 1610 -1.65 GRUBER
6550 1610 -1.79 GRUBER
6557 1612 -1.67 GRUBER
6560 1613 -1.52 GRUBER
6570 1616 -1.75 GRUBER
6570 1616 -1.57 GRUBER
6580 1619 -1.68 GRUBER
6580 1619 -1.28 GRUBER
6590 1622 -1.71 GRUBER
6590 1622 -1.42 GRUBER
6598 1625 -1.38 GRUBER
6600 1625 -1.34 GRUBER
6608 1628 -1.11 GRUBER
6611 1629 -1.74 GRUBER
6620 1632 -1.9 GRUBER
6630 1635 -1.48 GRUBER
6640 1638 -1.54 GRUBER
6650 1641 -1.57 GRUBER
6660 1643 -1.54 GRUBER
6670 1644 -1.46 GRUBER
6680 1646 -1.16 GRUBER
6690 1647 -1.27 GRUBER
6700 1649 -0.89 GRUBER
6708 1650 -0.8 GRUBER
6720 1653 -0.96 GRUBER
6730 1655 -0.88 GRUBER
6730 1655 -0.97 GRUBER
6740 1658 -0.98 GRUBER
6740 1658 -0.71 GRUBER
6750 1660 -1.08 GRUBER
6750 1660 -1.09 GRUBER
6760 1663 -1.13 GRUBER
6760 1663 -1.09 GRUBER
6770 1665 -0.92 GRUBER
6780 1668 -0.72 GRUBER
6790 1670 -0.98 GRUBER
6800 1673 -1.07 GRUBER
6810 1675 -1.14 GRUBER
6818 1677 -1.41 GRUBER
6830 1679 -1.28 GRUBER
6840 1682 -1.23 GRUBER
6840 1682 -0.95 GRUBER
6850 1684 -1.15 GRUBER
6860 1686 -1.15 GRUBER
6870 1689 -1.24 GRUBER
6880 1691 -1.27 GRUBER
6890 1693 -1.24 GRUBER
6900 1695 -1.39 GRUBER
6910 1698 -1.19 GRUBER
6920 1700 -1.02 GRUBER
6930 1702 -0.95 GRUBER
6950 1707 -1.48 GRUBER
6968 1711 -1 GRUBER
6980 1714 -1.36 GRUBER
6990 1716 -1.57 GRUBER
7000 1719 -1.5 GRUBER
7010 1721 -1.45 GRUBER
7020 1724 -1.21 GRUBER
7031 1726 -1.23 GRUBER
7040 1729 -1.29 GRUBER
7050 1731 -1.45 GRUBER
7060 1734 -1.71 GRUBER
7060 1734 -1.7 GRUBER
7080 1739 -1.29 GRUBER
7090 1742 -1.2 GRUBER
7100 1745 -0.99 GRUBER
7110 1748 -1.26 GRUBER
7118 1750 -0.99 GRUBER
7130 1754 -1.5 GRUBER
7140 1757 -1.79 GRUBER
7150 1759 -1.73 GRUBER
7160 1761 -1.55 GRUBER
7170 1763 -1.7 GRUBER
7180 1765 -1.59 GRUBER
7190 1767 -1.45 GRUBER
7200 1769 -1.36 GRUBER
7210 1772 -1.12 GRUBER
7220 1774 -1.15 GRUBER
7230 1776 -1.12 GRUBER
7240 1778 -1.19 GRUBER
7250 1780 -0.86 GRUBER
7260 1782 -1.22 GRUBER
7268 1784 -1.14 GRUBER
7280 1786 -1.14 GRUBER
7290 1788 -0.72 GRUBER
7300 1790 -0.74 GRUBER
7310 1792 -0.72 GRUBER
7320 1795 -0.88 GRUBER
7330 1797 -1.19 GRUBER
7340 1799 -1.11 GRUBER
7350 1801 -1.13 GRUBER
7360 1803 -1.24 GRUBER
7370 1805 -1.36 GRUBER
7380 1807 -1.47 GRUBER
7390 1809 -1.71 GRUBER
7400 1812 -1.53 GRUBER
7414 1816 -1.54 GRUBER
7430 1821 -1.34 GRUBER
7440 1823 -1.51 GRUBER
7450 1826 -1.72 GRUBER
7460 1829 -1.76 GRUBER
7470 1831 -1.47 GRUBER
7480 1832 -1.06 GRUBER
7490 1834 -1.21 GRUBER
7500 1836 -0.93 GRUBER
7510 1838 -1.18 GRUBER
7520 1839 -1.09 GRUBER
7530 1841 -1.1 GRUBER
7540 1843 -1.49 GRUBER
7550 1844 -1.67 GRUBER
7560 1846 -1.57 GRUBER
7568 1847 -1.43 GRUBER
7580 1849 -1.29 GRUBER
7590 1852 -1.43 GRUBER
7600 1859 -1.06 GRUBER
7610 1866 -1.17 GRUBER
7620 1873 -1.49 GRUBER
7630 1881 -1.64 GRUBER
7640 1888 -1.67 GRUBER
7650 1896 -1.84 GRUBER
7670 1910 -1.58 GRUBER
7680 1914 -1.38 GRUBER
7690 1917 -1.45 GRUBER
7700 1921 -1.47 GRUBER
7710 1924 -1.43 GRUBER
7720 1927 -1.38 GRUBER
7728 1930 -1.3 GRUBER
7740 1934 -1.53 GRUBER
7749 1937 -1.37 GRUBER
7759 1941 -1.57 GRUBER
7768 1944 -1.7 GRUBER
7779 1946 -1.45 GRUBER
7789 1948 -1.37 GRUBER
7800 1950 -1.51 GRUBER
7809 1952 -1.02 GRUBER
7820 1955 -1.31 GRUBER
7830 1957 -1.18 GRUBER
7838 1958 -1.37 GRUBER
7848 1961 -1.38 GRUBER
7860 1963 -1.26 GRUBER
7870 1965 -1.69 GRUBER
7878 1967 -1.49 GRUBER
7890 1969 -1.89 GRUBER
7900 1971 -1.35 GRUBER
7918 1975 -1.61 GRUBER
7940 1980 -1.52 GRUBER
7950 1982 -1.65 GRUBER
7960 1984 -1.67 GRUBER
7970 1985 -1.57 GRUBER
7980 1987 -1.44 GRUBER
7989 1988 -1.59 GRUBER
8000 1990 -1.35 GRUBER
8010 1992 -0.8 GRUBER
8020 1993 -1.15 GRUBER
8027 1994 -1.26 GRUBER
8040 1996 -1.31 GRUBER
8050 1998 -1.21 GRUBER
8060 1999 -1.21 GRUBER
8070 2001 -1.4 GRUBER
8081 2003 -1.71 GRUBER
8120 2009 -1.38 GRUBER
8130 2010 -1.6 GRUBER
8139 2012 -1.49 GRUBER
8150 2013 -1.48 GRUBER
8160 2015 -1.67 GRUBER
8170 2016 -1.69 GRUBER
8178 2018 -1.47 GRUBER
8190 2020 -1.48 GRUBER
8200 2021 -1.33 GRUBER
8210 2022 -1.49 GRUBER
8218 2023 -1.39 GRUBER
8230 2024 -1.6 GRUBER
8240 2025 -1.29 GRUBER
8250 2026 -1.29 GRUBER
8260 2028 -1.32 GRUBER
8270 2029 -1.14 GRUBER
8280 2030 -1.27 GRUBER
8289 2031 -1.14 GRUBER
8300 2032 -1.3 GRUBER
8310 2033 -1.14 GRUBER
8320 2034 -1.21 GRUBER
8330 2035 -1.29 GRUBER
8340 2036 -1.21 GRUBER
8350 2037 -1.32 GRUBER
8360 2038 -1.15 GRUBER
8368 2039 -0.94 GRUBER
8380 2040 -1.37 GRUBER
8390 2042 -1.06 GRUBER
8401 2043 -1.17 GRUBER
8410 2044 -1.27 GRUBER
8420 2045 -1.28 GRUBER
8429 2046 -1.26 GRUBER
8439 2047 -1.37 GRUBER
8449 2048 -1.16 GRUBER
8459 2049 -1.32 GRUBER
8469 2050 -1.3 GRUBER
8479 2051 -1.15 GRUBER
8490 2052 -1.47 GRUBER
8500 2053 -1.29 GRUBER
8510 2054 -1.3 GRUBER
8518 2055 -1.28 GRUBER
8530 2057 -1.39 GRUBER
8541 2058 -1.2 GRUBER
8550 2059 -1.27 GRUBER
8560 2060 -1.36 GRUBER
8620 2066 -1.31 GRUBER
8630 2067 -1.27 GRUBER
8639 2068 -1.3 GRUBER
8650 2069 -1.21 GRUBER
8660 2071 -1.58 GRUBER
8670 2072 -1.45 GRUBER
8680 2073 -1.42 GRUBER
8690 2074 -0.89 GRUBER
8700 2075 -1.33 GRUBER
8710 2076 -1.56 GRUBER
8718 2077 -1.12 GRUBER
8730 2078 -1.76 GRUBER
8740 2079 -1.22 GRUBER
8750 2081 -1.31 GRUBER
8760 2082 -1.27 GRUBER
8770 2083 -1.35 GRUBER
8780 2085 -1.5 GRUBER
8780 2085 -1.6 GRUBER
8789 2086 -0.71 GRUBER
8789 2086 -0.89 GRUBER
8800 2087 -1.82 GRUBER
8800 2087 -1.64 GRUBER
8810 2089 -0.98 GRUBER
8820 2090 -1.72 GRUBER
8829 2091 -1.45 GRUBER
8840 2093 -0.93 GRUBER
8850 2094 -1.58 GRUBER
8860 2096 -1.79 GRUBER
8868 2097 -1.66 GRUBER
8879 2098 -1.52 GRUBER
8889 2100 -1.73 GRUBER
8900 2101 -1.82 GRUBER
8910 2103 -1.82 GRUBER
8920 2104 -1.65 GRUBER
8930 2105 -1.69 GRUBER
8939 2107 -1.67 GRUBER
8950 2108 -1.54 GRUBER
8960 2110 -1.72 GRUBER
8970 2111 -1.71 GRUBER
8979 2112 -1.82 GRUBER
8990 2114 -1.57 GRUBER
9000 2115 -1.81 GRUBER
9010 2118 -1.95 GRUBER
9018 2119 -1.64 GRUBER
9030 2122 -1.54 GRUBER
9040 2124 -1.77 GRUBER
9050 2127 -1.55 GRUBER
9060 2129 -1.36 GRUBER
9070 2131 -1.59 GRUBER
9080 2133 -1.96 GRUBER
9089 2134 -1.78 GRUBER
9100 2136 -1.81 GRUBER
9110 2138 -1.73 GRUBER
9120 2139 -1.58 GRUBER
9129 2141 -1.35 GRUBER
9139 2142 -1.36 GRUBER
9150 2144 -1.15 GRUBER
9160 2146 -1.18 GRUBER
9168 2147 -0.86 GRUBER
9168 2147 -0.67 GRUBER
9180 2150 -1.3 GRUBER
9190 2153 -1.11 GRUBER
9200 2156 -1.31 GRUBER
9210 2160 -1.42 GRUBER
9220 2163 -1.5 GRUBER
9230 2166 -1.52 GRUBER
9239 2168 -1.33 GRUBER
9250 2172 -1.43 GRUBER
9260 2175 -1.49 GRUBER
9270 2178 -1.67 GRUBER
9279 2181 -1.59 GRUBER
9290 2184 -1.78 GRUBER
9300 2187 -1.83 GRUBER
9310 2189 -1.54 GRUBER
9318 2191 -1.79 GRUBER
9330 2193 -1.36 GRUBER
9340 2195 -1.28 GRUBER
9350 2197 -1.47 GRUBER
9360 2199 -1.52 GRUBER
9370 2201 -1.9 GRUBER
9380 2203 -1.51 GRUBER
9389 2205 -1.9 GRUBER
9400 2207 -1.92 GRUBER
9410 2209 -1.66 GRUBER
9420 2211 -1.65 GRUBER
9429 2213 -1.63 GRUBER
9440 2215 -1.88 GRUBER
9450 2217 -1.63 GRUBER
9460 2219 -1.63 GRUBER
9467 2221 -1.47 GRUBER
9480 2223 -1.64 GRUBER
9490 2225 -1.9 GRUBER
9500 2227 -1.75 GRUBER
9510 2229 -1.57 GRUBER
9520 2231 -1.69 GRUBER
9530 2234 -1.47 GRUBER
9539 2237 -1.47 GRUBER
9550 2240 -1.51 GRUBER
9560 2243 -1.2 GRUBER
9570 2246 -1.42 GRUBER
9571 2246 -1.6 GRUBER
9580 2249 -1.48 GRUBER
9590 2252 -1.45 GRUBER
9600 2255 -1.57 GRUBER
9610 2258 -1.56 GRUBER
9620 2260 -1.54 GRUBER
9630 2263 -1.45 GRUBER
9640 2266 -1.84 GRUBER
9650 2269 -2.04 GRUBER
9660 2272 -1.73 GRUBER
9668 2275 -1.83 GRUBER
9680 2278 -1.68 GRUBER
9690 2281 -1.8 GRUBER
9700 2284 -1.75 GRUBER
9710 2287 -1.52 GRUBER
9720 2290 -1.42 GRUBER
9730 2293 -1.59 GRUBER
9740 2296 -1.47 GRUBER
9750 2298 -1.65 GRUBER
9760 2301 -1.96 GRUBER
9770 2304 -1.75 GRUBER
9780 2309 -1.48 GRUBER
9790 2313 -1.39 GRUBER
9800 2317 -1.41 GRUBER
9810 2321 -1.63 GRUBER
9818 2325 -1.73 GRUBER
9830 2330 -1.93 GRUBER
9840 2334 -1.88 GRUBER
9850 2338 -2.03 GRUBER
9860 2342 -1.91 GRUBER
9870 2346 -1.6 GRUBER
9880 2349 -1.55 GRUBER
9890 2352 -1.73 GRUBER
9900 2354 -1.53 GRUBER
9910 2357 -1.46 GRUBER
9920 2359 -1.79 GRUBER
9930 2362 -1.33 GRUBER
9941 2365 -1.33 GRUBER
9950 2367 -1.51 GRUBER
9960 2370 -1.52 GRUBER
9968 2372 -1.52 GRUBER
9980 2375 -1.54 GRUBER
9990 2378 -1.67 GRUBER
10000 2380 -1.71 GRUBER
10010 2383 -1.66 GRUBER
10020 2386 -1.64 GRUBER
10030 2388 -1.4 GRUBER
10030 2388 -1.56 GRUBER
10040 2392 -1.49 GRUBER
10050 2395 -1.54 GRUBER
10060 2398 -1.47 GRUBER
10070 2402 -1.68 GRUBER
10070 2402 -0.95 GRUBER
10080 2405 -1.54 GRUBER
10091 2409 -1.47 GRUBER
10100 2412 -1.71 GRUBER
10110 2415 -1.71 GRUBER
10118 2418 -1.86 GRUBER
10130 2422 -1.72 GRUBER
10140 2425 -1.6 GRUBER
10150 2428 -1.73 GRUBER
10160 2430 -1.95 GRUBER
10170 2431 -1.69 GRUBER
10180 2433 -1.66 GRUBER
10190 2434 -1.57 GRUBER
10200 2435 -1.55 GRUBER
10210 2437 -1.53 GRUBER
10220 2438 -1.26 GRUBER
10230 2440 -1.17 GRUBER
10241 2441 -1.34 GRUBER
10250 2443 -1.25 GRUBER
10261 2444 -1.28 GRUBER
10268 2445 -1.34 GRUBER
10280 2447 -1.28 GRUBER
10290 2449 -1.48 GRUBER
10300 2450 -1.33 GRUBER
10310 2451 -1.34 GRUBER
10320 2453 -1.57 GRUBER
10330 2454 -1.47 GRUBER
10340 2456 -1.53 GRUBER
10350 2457 -1.51 GRUBER
10360 2459 -1.65 GRUBER
10370 2460 -1.74 GRUBER
10380 2462 -1.73 GRUBER
10391 2463 -1.65 GRUBER
10400 2465 -1.85 GRUBER
10411 2466 -1.84 GRUBER
10418 2467 -1.84 GRUBER
10430 2469 -1.83 GRUBER
10440 2470 -1.78 GRUBER
10450 2472 -1.63 GRUBER
10460 2473 -1.6 GRUBER
10470 2475 -1.92 GRUBER
10490 2478 -1.39 GRUBER
10510 2481 -1.4 GRUBER
10520 2483 -1.58 GRUBER
10520 2483 -1.15 GRUBER
10530 2484 -1.28 GRUBER
10530 2484 -1.62 GRUBER
10740 2520 -1.45 GRUBER
10750 2522 -1.29 GRUBER
10760 2524 -1.38 GRUBER
10770 2525 -1.14 GRUBER
10780 2526 -1.41 GRUBER
10791 2528 -1.24 GRUBER
10800 2529 -1.32 GRUBER
10810 2530 -1.29 GRUBER
10818 2531 -1.08 GRUBER
10830 2533 -1.48 GRUBER
10840 2534 -1.34 GRUBER
10850 2536 -1.39 GRUBER
10860 2537 -1.19 GRUBER
10870 2538 -0.89 GRUBER
10880 2540 -1.36 GRUBER
10890 2541 -1.38 GRUBER
10900 2542 -1.53 GRUBER
10910 2544 -1.56 GRUBER
10920 2545 -1.98 GRUBER
10930 2546 -1.82 GRUBER
10940 2547 -1.87 GRUBER
10950 2549 -1.87 GRUBER
10960 2550 -1.65 GRUBER
10968 2552 -1.69 GRUBER
10980 2555 -2.03 GRUBER
10990 2557 -1.66 GRUBER
11000 2559 -1.87 GRUBER
11010 2561 -1.65 GRUBER
11020 2564 -1.96 GRUBER
11030 2566 -1.75 GRUBER
11040 2568 -1.97 GRUBER
11049 2570 -1.64 GRUBER
11060 2573 -1.36 GRUBER
11070 2575 -1.94 GRUBER
11080 2577 -1.67 GRUBER
11087 2579 -1.75 GRUBER
11100 2582 -1.82 GRUBER
11110 2584 -1.74 GRUBER
11118 2586 -1.75 GRUBER
11130 2588 -1.79 GRUBER
11140 2591 -1.74 GRUBER
11150 2593 -1.68 GRUBER
11160 2595 -1.46 GRUBER
11170 2598 -1.49 GRUBER
11180 2600 -1.17 GRUBER
11190 2602 -0.98 GRUBER



