/* DATA DESCRIPTION:
Citation:	Raymo, ME et al. (1992): (Table A3) Stable carbon and oxygen isotope ratios of Cibicidoides spp. from DSDP Hole 94-610A in the North Atlantic, doi:10.1594/PANGAEA.358432,
	In Supplement to: Raymo, Maureen E; Hodell, David A; Jansen, Eystein (1992): Response of deep ocean circulation to initiation of Northern Hemisphere glaciation (3-2 MA), Paleoceanography, 7(5), 645-672, doi:10.1029/92PA01609
Project(s):	Deep Sea Drilling Project (DSDP) (URI: http://www.deepseadrilling.org/)
Coverage:	WEST: -18.8868 * EAST: -18.8868 * SOUTH: 53.2215 * NORTH: 53.2215
	DATE/TIME START: 1983-07-28T00:00:00 * DATE/TIME END: 1983-07-28T00:00:00
	MINIMUM DEPTH, sediment: 116.2 m * MAXIMUM DEPTH, sediment: 180.1 m
Event(s):	94-610A * LATITUDE: 53.2215 * LONGITUDE: -18.8868 * ELEVATION: -2417.0 m * DATE/TIME: 1983-07-28T00:00:00 * RECOVERY: 191.40 m * PENETRATION: 201.00 m * LOCATION: North Atlantic/RIDGE * CAMPAIGN: Leg94 (URI: doi:10.2973/dsdp.proc.94.1987) * BASIS: Glomar Challenger (URI: http://odp.pangaea.de/glomar.html) * DEVICE: Drilling * COMMENT: 21 cores; 201 m cored; 0 m drilled; 95.2 % recovery
Parameter(s):	DEPTH, sediment [m] (Depth) * Geocode
	Age model [ka] (Age model) * PI: Raymo, Maureen E * METHOD: Age model, paleomag, Berggren et al (1985) (URI: doi:10.1130/0016-7606(1985)96<1407:CG>2.0.CO;2) * COMMENT: calculated ages
	Cibicidoides spp., d18O [per mil PDB] (Cibicidoides spp. d18O) * PI: Raymo, Maureen E * METHOD: Mass spectrometer Finnigan MAT 251 * COMMENT: adjusted by 0.64 ‰ (Shackleton & Hall, 1984, doi:10.2973/dsdp.proc.81.116.1984)
	Cibicidoides spp., d13C [per mil PDB] (Cibicidoides spp. d13C) * PI: Raymo, Maureen E * METHOD: Mass spectrometer Finnigan MAT 251
Size:	1011 data points
*/
Depth [m]	Age model [ka]	Cibicidoides spp. d18O [per mil PDB]	Cibicidoides spp. d13C [per mil PDB]
116.25	2227	3.67	0.08
120.76	2321	3.59	0.58
120.91	2324	3.21	0.65
121.03	2327	3.31	0.70
121.21	2331	3.19	0.67
121.37	2334	3.18	0.44
121.50	2337	2.74	0.41
121.66	2340	3.28	0.65
121.83	2344	3.43	0.38
121.92	2345	2.91	0.56
122.23	2352	3.34	0.19
122.40	2355	3.71	-0.13
122.51	2358	3.37	-0.20
122.71	2362	4.01	0.01
122.87	2368	3.56	-0.08
123.02	2373	3.67	0.33
123.14	2377	3.16	0.57
123.29	2382	2.99	0.74
123.46	2386	3.07	0.46
123.59	2388	3.23	0.60
123.76	2392	3.59	0.23
124.36	2404	4.53	0.11
124.54	2408	4.13	-0.24
124.66	2411	3.60	0.37
124.81	2414	3.53	0.88
124.96	2417	3.36	1.06
125.11	2421	3.23	1.11
125.26	2424	3.02	0.85
125.42	2427	3.30	0.94
125.56	2430	3.14	0.90
125.69	2433	3.37	0.99
125.85	2436	3.42	0.79
126.00	2439	3.55	1.01
126.15	2442	3.57	0.92
126.31	2446	3.37	0.73
126.47	2449	3.18	0.42
126.61	2452	3.49	0.78
126.76	2456	3.22	0.64
126.91	2459	3.43	1.10
127.10	2463	3.27	0.98
127.19	2465	3.30	1.06
127.35	2469	3.18	0.76
127.51	2472	3.45	0.83
127.83	2479	3.29	0.28
127.96	2482	4.25	-0.03
128.11	2486	3.57	0.27
128.26	2489	3.62	0.70
128.41	2493	3.39	0.61
128.56	2497	3.27	0.96
128.69	2500	3.27	0.96
128.86	2504	3.33	1.08
129.01	2508	3.48	1.14
129.16	2512	3.16	0.78
129.31	2516	3.68	0.75
129.46	2519	4.03	0.53
129.61	2523	3.66	-0.31
129.76	2526	3.93	0.58
129.91	2528	3.91	0.39
130.08	2532	3.60	0.99
130.19	2534	3.04	0.47
130.36	2537	3.52	0.56
130.51	2540	3.37	1.15
130.66	2542	3.20	1.16
130.81	2545	3.08	1.09
130.96	2547	3.29	1.14
131.11	2549	3.40	1.14
131.26	2550	3.21	0.93
131.42	2552	3.21	1.00
131.56	2554	3.41	0.92
131.69	2556	3.45	0.98
131.87	2558	3.52	0.78
132.01	2560	4.11	0.87
132.16	2561	3.78	0.34
132.34	2563	4.04	-0.22
132.46	2565	4.22	0.19
132.61	2569	4.02	-0.11
132.76	2572	4.27	0.34
132.91	2576	3.87	0.12
133.95	2601	4.24	0.33
134.10	2603	3.91	0.35
134.23	2605	3.80	0.49
134.40	2607	3.78	0.84
134.55	2609	3.51	0.85
134.71	2612	3.31	0.80
134.85	2614	3.35	0.55
135.01	2616	3.36	0.86
135.19	2620	3.34	1.06
135.29	2622	3.29	0.99
135.45	2625	3.37	0.93
135.60	2628	3.53	0.97
135.74	2631	3.57	0.24
135.91	2634	3.52	0.80
136.06	2637	3.68	0.38
136.21	2640	3.82	0.61
136.34	2643	3.88	0.75
136.51	2646	3.71	0.37
136.68	2649	3.41	1.10
136.79	2652	3.36	0.98
136.94	2655	3.89	1.33
137.11	2658	3.85	1.28
137.22	2660	3.35	1.07
137.41	2664	3.38	1.06
137.53	2667	3.97	1.18
137.71	2670	3.35	1.04
137.83	2673	3.79	0.96
138.16	2679	3.86	0.74
138.29	2682	3.99	-0.05
138.45	2685	4.36	0.30
138.60	2688	4.34	0.31
138.72	2690	3.71	0.26
138.91	2693	3.58	-0.11
139.06	2696	3.53	0.23
139.20	2699	4.19	1.01
139.36	2701	4.05	0.88
139.51	2704	3.63	0.88
139.70	2708	3.74	1.14
139.79	2709	3.86	0.95
139.94	2712	3.64	1.37
140.09	2715	3.75	1.35
140.22	2717	3.48	0.44
140.41	2720	4.02	1.26
140.56	2723	3.67	1.10
140.69	2725	4.20	0.81
140.84	2728	3.48	0.70
141.01	2731	4.11	0.80
141.16	2734	4.09	1.04
141.29	2736	3.59	1.02
141.44	2739	3.67	1.09
141.59	2742	3.67	1.13
141.72	2744	3.53	1.30
141.91	2747	3.66	1.29
142.05	2750	3.60	1.29
142.21	2753	3.74	1.34
142.35	2755	3.86	1.37
142.51	2758	3.93	1.32
142.66	2761	3.70	1.26
142.79	2763	4.08	1.25
143.53	2777	3.18	0.77
143.69	2780	2.99	0.87
143.81	2782	3.44	0.74
144.01	2786	3.27	0.80
144.16	2788	3.33	0.62
144.31	2791	3.35	0.49
144.46	2794	3.22	0.83
144.61	2796	3.28	0.82
144.87	2801	3.64	0.45
145.08	2805	3.53	0.20
145.18	2807	3.72	0.20
145.33	2811	3.69	0.24
145.68	2818	3.07	0.19
145.91	2824	3.29	0.75
145.96	2825	3.03	0.89
146.11	2828	3.15	1.05
146.31	2833	2.75	0.76
146.39	2834	2.92	0.73
146.56	2838	3.31	1.14
146.71	2840	3.33	0.87
146.83	2843	3.13	0.75
147.01	2846	3.35	1.04
147.16	2849	3.54	1.09
147.31	2852	3.69	1.14
147.46	2854	3.59	0.88
147.61	2857	3.42	0.94
148.21	2870	3.71	0.97
148.51	2876	3.20	1.02
148.66	2879	3.29	1.16
148.81	2882	3.21	0.92
148.96	2885	3.49	1.00
149.11	2888	3.53	0.99
149.31	2892	3.81	0.95
149.39	2894	3.85	1.08
149.56	2898	3.81	0.85
149.83	2905	3.30	0.88
150.31	2916	3.77	0.72
150.46	2920	3.63	0.70
150.61	2923	3.69	0.74
150.76	2926	3.65	0.73
150.89	2929	3.26	0.91
151.06	2932	3.42	0.80
151.21	2935	3.47	0.84
151.33	2937	3.09	0.60
151.51	2941	3.52	0.50
151.66	2944	3.15	0.81
151.81	2947	3.20	0.66
151.96	2950	3.27	0.83
152.11	2953	3.24	0.85
152.26	2956	3.19	0.76
152.39	2958	3.14	0.84
153.16	2974	3.36	0.42
153.31	2977	3.14	0.99
153.46	2980	3.16	0.46
153.61	2982	3.27	0.89
153.76	2985	3.20	0.30
153.91	2988	3.13	0.79
154.06	2992	3.19	0.73
154.21	2994	3.17	0.62
154.36	2997	3.29	0.71
154.49	3000	3.50	0.74
154.66	3005	3.37	0.75
154.81	3009	3.00	0.68
154.96	3017	3.14	0.73
155.11	3024	3.22	0.32
155.26	3032	3.60	0.19
155.41	3039	3.51	0.46
155.56	3042	3.52	0.61
155.71	3044	3.39	0.76
155.91	3048	3.28	0.88
155.99	3049	3.21	0.84
156.16	3052	3.31	1.06
156.31	3055	3.31	0.80
156.46	3058	3.00	0.63
156.61	3060	3.21	0.41
156.76	3063	3.31	0.78
156.91	3066	3.28	0.77
157.06	3068	3.31	0.91
157.21	3071	3.40	0.74
157.36	3074	3.21	0.72
157.49	3076	3.18	0.54
157.66	3079	3.52	1.31
157.81	3082	3.21	0.65
158.11	3087	3.19	0.94
158.26	3090	3.22	1.03
158.41	3092	3.20	0.99
158.56	3095	3.23	0.91
158.71	3098	3.20	1.13
158.91	3101	3.34	0.97
158.99	3103	3.23	0.86
159.15	3106	3.31	0.98
159.31	3108	3.04	0.99
159.44	3111	3.30	1.14
159.61	3114	3.36	1.05
159.79	3117	2.95	0.64
159.91	3119	3.54	0.81
160.06	3122	3.35	0.96
160.31	3126	3.41	0.84
160.37	3127	3.33	0.81
160.65	3132	3.40	0.75
160.81	3135	3.44	0.72
161.11	3141	3.57	0.70
161.26	3143	3.77	0.20
161.41	3146	4.06	0.33
161.71	3151	4.00	0.13
161.86	3154	3.88	0.34
162.91	3173	2.73	-0.14
163.05	3175	3.51	0.76
163.21	3178	2.71	0.34
163.36	3181	1.80	0.01
163.51	3183	2.84	0.50
163.66	3186	2.36	0.45
163.81	3189	3.13	0.61
163.96	3191	3.13	0.69
164.09	3194	2.45	0.38
164.25	3197	3.25	0.69
164.41	3200	3.16	0.11
164.54	3202	3.42	0.85
165.15	3213	3.27	-0.13
165.31	3215	3.36	0.33
165.59	3221	3.17	0.64
165.91	3226	3.23	0.82
166.06	3229	3.24	0.64
166.21	3232	3.35	0.78
166.51	3237	3.18	0.14
166.66	3240	3.34	0.26
166.81	3242	3.34	0.57
166.96	3245	3.33	0.75
167.08	3247	3.50	0.85
167.26	3250	3.11	0.75
167.40	3253	3.29	0.76
167.56	3256	3.16	0.52
167.71	3258	2.98	0.65
167.86	3261	3.10	0.79
168.01	3264	3.16	0.88
168.16	3266	3.06	0.55
168.31	3269	3.44	0.89
168.49	3272	3.66	0.57
168.76	3277	3.63	0.79
168.90	3280	3.36	0.57
169.05	3282	3.04	0.67
169.21	3285	3.16	0.64
169.44	3289	3.21	0.84
169.51	3290	3.04	0.82
169.65	3293	3.46	0.84
169.81	3296	3.24	1.02
169.96	3298	3.18	0.85
170.09	3301	3.43	0.84
170.26	3304	3.39	0.69
172.36	3341	3.18	0.90
172.51	3344	3.12	1.00
172.66	3347	3.18	1.02
172.81	3349	3.23	1.02
172.96	3352	3.10	1.09
173.11	3355	2.78	0.98
173.26	3357	2.53	0.72
173.41	3360	2.85	0.79
173.56	3363	2.88	0.58
173.69	3365	2.49	0.43
174.01	3371	3.07	0.64
174.16	3373	3.17	0.67
174.31	3376	2.95	0.95
174.46	3379	3.07	0.94
174.61	3381	2.82	0.88
174.76	3384	2.92	1.06
174.91	3387	2.91	1.03
174.99	3388	2.98	0.85
175.19	3392	2.27	0.63
175.36	3395	2.44	0.63
175.51	3397	2.97	1.01
175.66	3400	2.70	0.83
175.81	3403	3.11	0.88
175.96	3405	2.52	0.57
176.11	3408	2.84	0.83
176.26	3411	2.71	0.67
176.41	3414	2.74	0.86
176.56	3416	3.55	1.20
176.69	3418	2.91	1.13
176.86	3421	2.93	1.13
177.01	3424	3.49	1.36
177.16	3427	3.76	1.43
177.31	3430	2.88	0.89
177.46	3432	2.57	0.84
177.61	3435	2.93	0.66
177.76	3438	3.14	0.68
177.91	3440	3.08	0.84
178.11	3444	3.19	0.97
178.19	3445	3.06	0.99
178.36	3448	2.41	0.01
178.51	3451	2.77	0.63
178.65	3453	3.16	0.96
178.81	3456	2.79	-0.74
178.98	3459	2.07	0.59
179.11	3462	2.21	0.68
179.26	3464	2.31	0.56
179.40	3467	2.42	0.65
179.56	3470	2.80	0.46
179.69	3472	2.46	-0.11
179.86	3475	3.29	0.43
180.14	3480	3.57	0.84
