mcd	ageCK92 607O18	607O18adj	607C13
0.0	0.0	2.64	3.28	0.88
19.2	4.7	2.52	3.16	0.96
38.3	9.4	2.69	3.33	0.88
57.5	14.1	3.02	3.66	0.70
78.8	19.3	3.71	4.35	0.55
100.7	24.7	4.43	5.07	0.15
123.5	30.3	4.35	4.99	0.17
153.2	37.5	4.18	4.82	0.22
183.0	44.8	4.01	4.65	0.59
203.0	49.7	4.16	4.80	0.76
220.0	53.9	4.03	4.67	0.76
237.7	58.2	3.95	4.59	0.72
260.3	63.8	3.89	4.53	0.84
283.0	69.3	3.81	4.45	0.74
301.7	73.9	3.94	4.58	0.97
315.8	77.4	3.81	4.45	0.85
330.0	80.8	3.55	4.19	0.77
344.2	84.3	3.59	4.23	0.32
356.6	87.4	3.91	4.55	0.03
369.0	90.4	4.02	4.66	-0.01
381.4	93.4	3.73	4.37	0.40
401.0	98.2	3.32	3.96	1.09
412.9	101.2	3.35	3.99	1.19
422.4	103.5	3.25	3.89	1.07
432.0	105.8	3.13	3.77	0.91
441.6	108.2	3.40	4.04	0.67
452.1	110.8	3.65	4.29	0.93
463.6	113.6	3.43	4.07	1.01
475.7	116.5	3.38	4.02	0.98
487.9	119.5	3.17	3.81	1.01
500.0	122.5	2.98	3.62	0.83
518.7	127.1	3.33	3.97	0.71
537.4	131.7	3.36	4.00	0.70
548.9	134.5	3.05	3.69	0.91
559.6	137.1	2.98	3.62	0.81
568.7	139.3	2.55	3.19	0.78
577.7	141.5	2.41	3.05	0.92
585.6	143.5	3.20	3.84	0.29
601.0	147.2	4.00	4.64	0.12
632.2	154.9	4.25	4.89	-0.17
649.0	159.0	4.29	4.93	-0.25
655.7	160.6	4.33	4.97	-0.03
661.5	162.1	4.19	4.83	-0.02
667.2	163.5	4.10	4.74	0.07
675.1	165.4	3.94	4.58	0.14
684.8	167.8	3.95	4.59	-0.13
694.5	170.1	3.96	4.60	0.09
704.2	172.5	3.74	4.38	0.14
713.9	174.9	3.71	4.35	0.21
722.9	177.1	3.66	4.30	0.28
730.6	179.0	3.72	4.36	0.38
738.3	180.9	3.86	4.50	0.17
746.0	182.8	3.78	4.42	0.08
753.7	184.6	3.88	4.52	0.04
761.4	186.5	3.97	4.61	-0.18
777.3	190.4	3.69	4.33	0.02
800.5	196.1	3.42	4.06	0.61
823.6	201.8	3.09	3.73	0.86
829.6	203.2	2.84	3.48	0.85
834.7	204.5	3.05	3.69	0.84
839.7	205.7	3.16	3.80	1.09
844.8	207.0	2.99	3.63	0.92
849.8	208.2	2.91	3.55	0.97
854.8	209.4	2.92	3.56	0.86
861.4	211.0	2.97	3.61	0.80
869.8	213.1	2.89	3.53	0.38
875.0	214.4	2.92	3.56	0.26
880.0	215.6	4.03	4.67	0.44
885.0	216.8	3.69	4.33	0.53
890.0	218.0	3.35	3.99	0.62
895.0	219.3	3.64	4.28	0.83
900.0	220.5	3.00	3.64	0.79
905.0	221.7	2.81	3.45	0.70
910.0	222.9	2.76	3.40	0.72
915.0	224.2	3.27	3.91	0.56
932.0	228.3	3.76	4.40	0.62
948.0	232.2	4.06	4.70	0.39
962.0	235.7	4.06	4.70	-0.03
978.0	239.6	4.00	4.64	0.50
992.0	243.0	3.80	4.44	0.28
1008.0	246.9	3.74	4.38	0.50
1022.0	250.4	3.83	4.47	0.47
1038.0	254.3	3.48	4.12	-0.39
1052.5	257.8	3.75	4.39	0.33
1058.5	259.3	2.91	3.55	0.74
1075.5	263.5	3.50	4.14	-0.30
1088.5	266.7	3.79	4.43	-0.15
1103.5	270.3	3.65	4.29	0.44
1118.5	274.0	3.39	4.03	0.91
1133.5	277.7	3.22	3.86	0.77
1148.5	281.4	3.21	3.85	0.68
1163.5	285.0	3.35	3.99	-0.32
1178.5	288.7	3.58	4.22	0.13
1200.5	294.1	3.61	4.25	0.54
1208.5	296.1	3.55	4.19	0.69
1225.5	300.2	3.26	3.90	0.36
1238.5	303.4	3.24	3.88	0.49
1253.5	307.1	2.93	3.57	0.39
1268.5	310.8	2.87	3.51	0.72
1283.5	314.4	2.45	3.09	0.56
1298.5	318.1	2.29	2.93	0.51
1313.5	321.8	2.60	3.24	0.71
1328.5	325.5	2.89	3.53	-0.12
1350.5	330.8	3.17	3.81	-0.43
1358.5	332.8	4.13	4.77	-0.27
1375.5	337.0	3.88	4.52	-0.43
1388.5	340.2	3.76	4.40	-0.06
1403.5	343.8	4.07	4.71	0.14
1418.5	347.5	3.73	4.37	0.83
1433.5	351.2	3.48	4.12	-0.49
1448.5	354.9	3.80	4.44	-0.28
1470.5	360.2	3.75	4.39	0.48
1478.5	362.2	3.75	4.39	0.20
1486.5	364.2	3.63	4.27	0.06
1500.5	367.6	3.70	4.34	0.41
1508.5	369.5	3.58	4.22	0.54
1525.5	373.7	3.61	4.25	0.19
1538.5	376.9	3.56	4.20	0.75
1553.5	380.6	3.32	3.96	0.83
1568.5	384.2	3.24	3.88	0.92
1583.5	387.9	3.14	3.78	0.84
1598.5	391.6	3.10	3.74	0.85
1613.5	395.3	2.92	3.56	0.97
1620.5	397.0	2.77	3.41	1.23
1628.5	398.9	2.65	3.29	1.30
1650.5	404.3	2.40	3.04	1.29
1658.5	406.3	2.17	2.81	1.06
1675.5	410.5	2.54	3.18	1.05
1688.5	413.6	2.69	3.33	1.01
1703.5	417.3	3.03	3.67	0.93
1718.5	421.0	3.00	3.64	0.73
1733.5	424.7	2.99	3.63	0.56
1740.5	426.4	3.17	3.81	-0.61
1748.5	428.3	4.13	4.77	-0.56
1763.5	432.0	4.10	4.74	-0.76
1770.5	433.7	4.18	4.82	-0.92
1778.5	435.7	4.32	4.96	-0.59
1808.5	443.0	4.06	4.70	-0.77
1825.5	447.2	3.81	4.45	-0.58
1838.5	450.4	4.12	4.76	-0.42
1853.5	454.1	4.04	4.68	-0.28
1868.5	457.7	4.05	4.69	-0.38
1883.5	461.4	3.99	4.63	-0.36
1913.5	468.8	3.63	4.27	-0.28
1921.5	470.7	3.27	3.91	0.31
1934.5	473.9	3.39	4.03	-0.45
1949.5	477.6	3.73	4.37	-0.08
1962.5	480.8	3.79	4.43	0.59
1964.5	481.3	3.56	4.20	0.75
1979.5	484.9	3.35	3.99	0.79
1994.5	488.6	3.12	3.76	0.86
2009.5	492.3	2.88	3.52	1.14
2024.5	496.0	3.19	3.83	0.94
2046.5	501.3	3.15	3.79	0.80
2054.5	503.3	3.33	3.97	0.45
2061.5	505.0	3.60	4.24	-0.01
2071.5	507.5	3.94	4.58	0.24
2084.5	510.7	3.89	4.53	0.46
2099.5	514.3	3.89	4.53	0.61
2114.5	518.0	3.64	4.28	0.02
2129.5	521.7	3.61	4.25	0.17
2144.5	525.4	3.07	3.71	0.62
2159.5	529.0	3.09	3.73	0.53
2174.5	532.7	3.20	3.84	0.53
2204.5	540.1	3.42	4.06	0.48
2212.5	542.0	3.09	3.73	0.77
2221.5	544.2	3.02	3.66	0.94
2234.5	547.4	3.05	3.69	0.81
2255.0	552.4	2.96	3.60	0.84
2263.0	554.4	3.22	3.86	0.94
2272.0	556.6	3.04	3.68	0.97
2280.0	558.5	2.95	3.59	1.04
2293.0	561.7	2.84	3.48	1.02
2300.0	563.4	2.88	3.52	1.14
2323.0	569.1	2.59	3.23	0.90
2368.0	580.1	3.02	3.66	0.85
2383.0	583.8	2.67	3.31	0.95
2405.0	589.2	2.81	3.45	1.13
2413.0	591.1	2.99	3.63	0.83
2430.0	595.3	3.35	3.99	0.19
2443.0	598.5	3.44	4.08	0.08
2488.0	609.5	4.37	5.01	-0.12
2533.0	620.5	4.34	4.98	0.80
2555.0	625.9	4.03	4.67	-0.04
2563.0	627.9	4.12	4.76	0.07
2580.0	632.0	4.01	4.65	-0.39
2653.0	649.9	3.96	4.60	0.13
2668.0	653.6	3.91	4.55	-0.09
2683.0	657.3	3.95	4.59	-0.17
2705.0	662.7	3.87	4.51	0.13
2713.0	664.6	3.80	4.44	-0.08
2730.0	668.8	3.61	4.25	0.28
2743.0	672.0	3.29	3.93	0.43
2758.0	675.6	3.20	3.84	0.68
2773.0	679.3	3.14	3.78	0.69
2788.0	683.0	3.08	3.72	1.05
2803.0	686.7	2.92	3.56	0.98
2818.0	690.3	2.83	3.47	1.19
2833.0	694.0	2.78	3.42	0.92
2855.0	699.4	2.95	3.59	0.80
2863.0	701.4	3.00	3.64	1.17
2880.0	705.5	3.29	3.93	-0.21
2893.0	708.7	3.74	4.38	-0.41
2908.0	712.4	3.89	4.53	-0.55
2923.0	716.1	3.93	4.57	-0.25
2938.0	719.7	3.80	4.44	-0.17
2953.0	723.4	3.78	4.42	-0.26
2968.0	727.1	3.41	4.05	0.27
2983.0	730.8	3.14	3.78	0.98
3005.0	736.2	3.38	4.02	0.82
3013.0	738.1	3.39	4.03	0.38
3030.0	742.3	3.45	4.09	-0.42
3043.0	745.5	3.77	4.41	-0.57
3058.0	749.1	3.91	4.55	-0.50
3073.0	752.8	3.89	4.53	-0.37
3088.0	756.5	3.84	4.48	-0.11
3103.0	760.2	3.73	4.37	-0.24
3118.0	763.8	3.68	4.32	-0.29
3126.0	765.8	3.56	4.20	-0.01
3156.0	773.1	3.32	3.96	0.26
3172.0	777.1	2.94	3.58	0.70
3202.0	784.3	3.11	3.75	0.08
3216.0	787.7	3.64	4.28	-0.43
3232.0	791.5	4.08	4.72	-0.42
3262.0	798.7	3.83	4.47	-0.54
3268.0	800.2	3.68	4.32	-0.56
3277.0	802.3	3.88	4.52	-0.25
3299.0	807.6	3.52	4.16	0.25
3307.0	809.5	3.55	4.19	0.34
3324.0	813.6	3.10	3.74	0.67
3339.0	817.2	3.03	3.67	0.55
3352.0	820.3	3.10	3.74	0.41
3365.0	823.4	3.17	3.81	0.43
3382.0	827.5	3.19	3.83	0.77
3397.0	831.1	2.92	3.56	0.69
3412.0	834.7	2.90	3.54	0.55
3427.0	838.3	2.69	3.33	0.68
3449.0	843.6	3.03	3.67	-0.34
3457.0	845.5	3.53	4.17	-0.29
3474.0	849.6	3.21	3.85	0.31
3487.0	852.7	4.00	4.64	-0.75
3517.0	859.9	3.76	4.40	-0.37
3532.0	863.5	3.17	3.81	-0.79
3547.0	867.1	3.70	4.34	-0.71
3577.0	874.3	3.29	3.93	-0.31
3607.0	881.5	3.46	4.10	0.51
3639.0	889.1	3.40	4.04	0.27
3652.0	892.3	3.47	4.11	0.46
3667.0	895.9	3.26	3.90	0.33
3682.0	899.5	3.45	4.09	-0.16
3689.0	901.1	3.42	4.06	-1.12
3697.0	903.1	3.84	4.48	-0.57
3712.0	906.7	2.73	3.37	0.03
3733.0	911.7	3.64	4.28	-0.08
3749.0	915.5	3.35	3.99	-0.12
3764.0	919.1	3.18	3.82	0.38
3774.0	921.5	3.17	3.81	0.77
3802.0	928.2	2.78	3.42	0.45
3817.0	931.8	2.87	3.51	0.49
3827.0	934.2	2.74	3.38	0.57
3849.0	939.5	2.64	3.28	0.46
3862.0	942.6	2.65	3.29	0.69
3875.0	945.7	2.82	3.46	0.37
3883.0	947.7	3.84	4.48	-0.03
3899.0	951.5	3.78	4.42	0.20
3907.0	953.4	3.21	3.85	0.87
3924.0	957.5	3.45	4.09	0.48
3937.0	960.6	3.20	3.84	0.58
3952.0	964.2	3.17	3.81	0.79
3965.0	967.3	3.15	3.79	0.67
3982.0	971.4	3.33	3.97	0.18
3997.0	975.0	3.41	4.05	0.57
4012.0	978.6	3.23	3.87	0.91
4032.0	983.4	2.97	3.61	0.91
4049.0	986.6	3.13	3.77	0.82
4057.0	988.0	2.92	3.56	0.93
4074.0	991.1	3.48	4.12	0.40
4084.0	992.9	3.58	4.22	0.44
4102.0	996.1	3.26	3.90	0.93
4117.0	998.8	3.08	3.72	0.61
4132.0	1001.5	3.13	3.77	0.99
4147.0	1004.2	2.95	3.59	0.61
4162.0	1006.9	2.74	3.38	0.99
4167.0	1007.8	3.04	3.68	1.13
4182.5	1010.6	2.90	3.54	0.94
4196.5	1013.1	3.13	3.77	0.95
4226.5	1018.5	3.62	4.26	0.83
4232.5	1019.6	3.64	4.28	0.95
4242.5	1021.4	3.82	4.46	1.00
4256.5	1023.9	3.75	4.39	0.85
4286.5	1029.3	3.87	4.51	0.78
4317.0	1034.7	3.21	3.85	-0.28
4332.0	1037.4	3.30	3.94	-0.02
4354.0	1041.4	3.24	3.88	0.76
4371.0	1044.4	2.50	3.14	1.00
4379.0	1045.9	2.50	3.14	1.06
4392.0	1048.2	2.29	2.93	0.94
4407.0	1051.5	2.35	2.99	0.85
4422.0	1055.1	2.56	3.20	0.89
4437.0	1058.7	2.68	3.32	0.91
4467.0	1065.8	3.05	3.69	0.77
4482.0	1069.4	3.20	3.84	1.03
4490.0	1071.3	3.11	3.75	0.50
4504.0	1074.6	2.95	3.59	0.93
4512.0	1076.5	3.11	3.75	0.62
4529.0	1080.6	2.89	3.53	0.89
4540.0	1083.2	2.79	3.43	0.95
4557.0	1087.3	3.19	3.83	0.80
4587.0	1094.4	3.53	4.17	0.24
4602.0	1098.0	3.99	4.63	-0.60
4609.0	1099.7	3.51	4.15	0.09
4624.0	1103.3	3.34	3.98	0.54
4641.0	1107.3	3.19	3.83	0.27
4664.0	1112.8	3.14	3.78	0.46
4679.0	1116.4	3.03	3.67	0.92
4692.0	1119.5	2.76	3.40	0.94
4730.0	1128.5	2.73	3.37	1.07
4752.0	1133.8	2.75	3.39	0.97
4767.0	1137.4	2.77	3.41	1.06
4780.0	1140.5	2.85	3.49	0.94
4791.0	1143.1	3.08	3.72	1.01
4804.0	1146.2	2.67	3.31	0.91
4812.0	1148.1	2.72	3.36	0.92
4829.0	1152.1	2.79	3.43	0.74
4842.0	1155.2	3.45	4.09	0.89
4846.0	1156.2	2.90	3.54	0.74
4857.0	1158.8	3.50	4.14	0.55
4870.0	1161.9	3.52	4.16	0.47
4872.0	1162.4	3.55	4.19	0.47
4887.0	1166.0	3.79	4.43	0.13
4902.0	1169.5	3.79	4.43	0.48
4909.0	1171.2	3.67	4.31	0.17
4917.0	1173.1	3.57	4.21	0.26
4932.0	1176.7	3.58	4.22	-0.21
4939.0	1178.4	3.86	4.50	0.48
4954.0	1181.9	3.51	4.15	0.27
4962.0	1183.9	3.42	4.06	0.37
4979.0	1187.9	3.14	3.78	0.56
4992.0	1191.0	2.96	3.60	0.83
5007.0	1194.6	2.54	3.18	0.92
5022.0	1198.2	2.47	3.11	0.88
5037.0	1201.7	2.56	3.20	0.64
5052.0	1205.3	2.52	3.16	0.63
5082.0	1212.5	3.72	4.36	-0.09
5089.0	1214.1	3.79	4.43	-0.30
5104.0	1217.7	3.87	4.51	-0.51
5112.0	1219.6	3.84	4.48	-0.51
5121.0	1221.8	3.76	4.40	0.45
5129.0	1223.7	3.58	4.22	0.30
5157.0	1230.4	3.26	3.90	0.82
5170.0	1233.5	3.17	3.81	0.74
5187.0	1237.5	3.11	3.75	1.16
5202.0	1241.1	3.24	3.88	1.14
5225.5	1246.7	3.28	3.92	1.01
5239.5	1250.0	3.18	3.82	0.60
5254.5	1253.6	3.71	4.35	0.48
5265.5	1256.2	3.71	4.35	0.04
5269.5	1257.2	3.60	4.24	0.28
5284.5	1260.8	3.35	3.99	0.59
5299.5	1264.3	3.00	3.64	0.83
5312.5	1267.4	3.01	3.65	0.88
5320.5	1269.3	2.92	3.56	1.19
5336.5	1273.2	2.90	3.54	0.99
5361.5	1279.1	3.30	3.94	1.10
5374.5	1282.2	3.24	3.88	0.51
5389.5	1285.8	3.36	4.00	0.42
5404.5	1289.4	2.74	3.38	1.15
5419.5	1293.0	3.41	4.05	0.23
5434.5	1296.5	3.14	3.78	1.10
5449.5	1300.1	3.49	4.13	0.25
5464.5	1303.7	3.62	4.26	0.27
5470.5	1305.1	3.45	4.09	0.44
5486.5	1308.9	2.85	3.49	0.94
5496.5	1311.3	2.93	3.57	1.00
5511.5	1314.9	2.56	3.20	1.23
5524.5	1318.0	2.45	3.09	1.02
5539.5	1321.6	2.73	3.37	1.13
5569.5	1328.7	3.07	3.71	0.99
5584.5	1332.3	3.20	3.84	1.02
5599.5	1335.9	3.45	4.09	0.98
5612.5	1339.0	3.57	4.21	0.87
5636.5	1344.7	3.55	4.19	0.27
5646.5	1347.1	3.53	4.17	1.10
5661.5	1350.7	3.07	3.71	1.00
5674.5	1353.8	3.11	3.75	0.93
5689.5	1357.3	2.90	3.54	1.02
5704.5	1360.9	2.84	3.48	1.11
5719.5	1364.5	2.74	3.38	1.13
5734.5	1368.1	2.95	3.59	1.05
5749.5	1371.6	3.41	4.05	1.04
5766.5	1375.7	3.51	4.15	0.72
5792.5	1381.9	3.24	3.88	0.42
5802.5	1384.3	3.46	4.10	0.61
5824.5	1389.5	2.98	3.62	1.09
5839.5	1393.1	2.59	3.23	1.06
5854.5	1396.7	2.69	3.33	1.03
5869.5	1400.3	2.84	3.48	0.46
5899.5	1407.4	3.40	4.04	-0.07
5913.5	1410.8	3.62	4.26	-0.04
5920.5	1412.4	3.29	3.93	0.10
5936.5	1416.2	3.74	4.38	0.00
5944.5	1418.1	3.70	4.34	0.10
5961.5	1422.2	3.47	4.11	0.44
5989.5	1428.9	2.92	3.56	0.98
6019.5	1436.0	2.67	3.31	0.89
6049.5	1443.2	2.70	3.34	1.15
6064.5	1446.8	2.74	3.38	0.77
6086.5	1452.0	3.63	4.27	0.57
6094.5	1453.9	3.73	4.37	0.53
6111.5	1458.0	3.80	4.44	0.56
6124.5	1461.1	3.58	4.22	0.29
6139.5	1464.6	3.36	4.00	0.60
6147.5	1466.6	3.44	4.08	0.96
6154.5	1468.2	3.36	4.00	1.01
6169.5	1471.8	3.00	3.64	1.22
6184.5	1475.4	2.94	3.58	1.05
6199.5	1479.0	3.02	3.66	1.17
6207.5	1480.9	2.98	3.62	0.94
6237.5	1488.0	3.63	4.27	0.04
6270.5	1495.9	3.78	4.42	0.13
6285.5	1499.5	3.57	4.21	0.10
6310.5	1505.4	3.44	4.08	0.76
6321.5	1508.0	3.27	3.91	0.88
6353.5	1515.7	3.28	3.92	1.14
6361.5	1517.6	3.06	3.70	0.96
6368.5	1519.3	2.90	3.54	1.04
6385.5	1523.3	2.80	3.44	0.95
6398.5	1526.4	2.86	3.50	1.15
6411.5	1529.5	2.89	3.53	1.12
6420.5	1531.7	2.95	3.59	0.81
6435.5	1535.2	3.33	3.97	1.00
6443.5	1537.1	3.52	4.16	0.96
6460.5	1541.2	3.75	4.39	0.92
6473.5	1544.3	3.70	4.34	0.82
6488.5	1547.9	3.56	4.20	0.76
6501.5	1551.0	3.39	4.03	0.86
6518.5	1555.0	3.30	3.94	1.07
6533.5	1558.6	3.06	3.70	1.11
6563.5	1565.8	3.30	3.94	0.97
6570.5	1567.4	3.26	3.90	1.22
6595.5	1573.4	2.81	3.45	1.30
6621.5	1579.6	2.89	3.53	1.19
6638.5	1583.6	2.88	3.52	1.12
6651.5	1586.7	3.18	3.82	1.24
6668.5	1590.8	3.31	3.95	1.04
6683.5	1594.4	2.98	3.62	1.12
6698.5	1597.9	3.15	3.79	1.02
6713.5	1601.5	3.23	3.87	0.92
6719.5	1603.0	3.15	3.79	1.25
6743.5	1608.7	2.86	3.50	1.15
6760.5	1612.7	3.15	3.79	1.30
6773.5	1615.8	3.30	3.94	1.28
6803.5	1623.0	3.74	4.38	1.19
6818.5	1626.6	3.59	4.23	1.25
6848.5	1633.7	3.68	4.32	0.80
6863.5	1637.3	3.70	4.34	1.04
6885.5	1642.5	3.15	3.79	1.21
6908.5	1648.0	3.09	3.73	1.29
6923.5	1651.6	2.79	3.43	1.17
6938.5	1655.2	2.86	3.50	1.19
6953.5	1658.8	3.10	3.74	1.17
6968.5	1662.3	2.95	3.59	1.06
6983.5	1665.9	3.30	3.94	0.55
6998.5	1669.5	2.97	3.61	0.84
7011.5	1672.6	3.50	4.14	0.29
7019.5	1674.5	3.60	4.24	0.49
7035.5	1678.3	3.10	3.74	0.56
7043.5	1680.2	2.92	3.56	0.94
7060.5	1684.3	2.90	3.54	0.82
7071.5	1686.9	3.08	3.72	0.72
7088.5	1691.0	3.44	4.08	0.40
7103.5	1694.5	3.05	3.69	0.89
7118.5	1698.1	3.10	3.74	0.77
7137.5	1702.6	2.85	3.49	0.91
7154.5	1706.7	2.89	3.53	0.44
7170.5	1710.5	3.22	3.86	0.86
7200.5	1717.7	3.26	3.90	0.96
7214.5	1721.0	3.15	3.79	0.75
7230.5	1724.8	3.43	4.07	0.17
7244.5	1728.2	3.20	3.84	0.27
7259.5	1731.7	3.49	4.13	0.62
7270.5	1734.4	2.62	3.26	1.11
7285.5	1737.9	2.73	3.37	0.99
7300.5	1741.5	2.76	3.40	1.23
7322.5	1746.8	2.90	3.54	1.07
7330.5	1748.7	2.91	3.55	1.14
7347.5	1752.7	3.12	3.76	1.00
7375.5	1759.2	3.35	3.99	0.31
7405.5	1765.9	3.36	4.00	0.56
7420.5	1769.2	3.39	4.03	0.47
7435.5	1772.6	3.25	3.89	0.65
7450.5	1775.9	3.00	3.64	0.92
7472.5	1780.8	2.68	3.32	1.10
7480.5	1782.6	2.82	3.46	1.02
7497.5	1786.3	3.05	3.69	0.98
7510.5	1789.2	2.95	3.59	0.95
7525.5	1792.6	2.82	3.46	1.08
7540.5	1795.9	2.94	3.58	0.97
7555.5	1799.2	2.81	3.45	0.95
7570.5	1802.6	3.02	3.66	0.56
7585.5	1805.9	3.68	4.32	0.52
7600.5	1809.2	3.23	3.87	0.76
7622.5	1814.1	2.96	3.60	0.98
7630.5	1815.9	2.98	3.62	0.94
7647.5	1819.7	2.99	3.63	0.96
7660.5	1822.6	2.82	3.46	1.03
7675.5	1825.9	2.94	3.58	0.71
7692.5	1829.7	3.24	3.88	0.82
7705.5	1832.6	2.94	3.58	1.01
7722.5	1836.4	2.92	3.56	1.04
7735.5	1839.2	2.83	3.47	1.25
7750.5	1842.6	2.96	3.60	0.71
7772.5	1847.5	2.85	3.49	1.05
7780.5	1849.3	3.05	3.69	1.32
7810.5	1855.9	2.93	3.57	1.10
7825.5	1859.3	2.72	3.36	0.93
7840.5	1862.6	3.02	3.66	0.82
7855.5	1865.9	2.82	3.46	0.94
7870.5	1869.3	3.16	3.80	1.04
7885.5	1872.6	3.30	3.94	0.96
7900.5	1875.9	3.43	4.07	0.78
7922.5	1880.8	3.50	4.14	0.85
7930.5	1882.6	3.29	3.93	0.71
7947.5	1886.4	3.52	4.16	0.52
7975.5	1892.6	3.29	3.93	0.44
7990.5	1895.9	3.33	3.97	0.68
8005.5	1899.3	3.13	3.77	0.80
8010.5	1900.4	3.05	3.69	0.70
8020.5	1902.6	3.14	3.78	0.62
8035.5	1905.9	2.97	3.61	0.97
8048.5	1908.8	2.93	3.57	0.94
8072.5	1914.2	2.70	3.34	0.77
8080.5	1915.9	2.82	3.46	1.02
8097.5	1919.7	2.65	3.29	0.85
8108.5	1922.2	2.74	3.38	0.98
8125.5	1925.9	3.40	4.04	0.50
8140.5	1929.3	3.49	4.13	0.48
8155.5	1932.6	3.27	3.91	0.71
8170.5	1935.9	3.49	4.13	0.71
8185.5	1939.3	2.97	3.61	0.93
8200.5	1942.6	3.31	3.95	0.67
8230.5	1949.3	2.72	3.36	1.13
8245.5	1952.6	2.58	3.22	0.96
8260.5	1955.9	3.04	3.68	1.05
8269.5	1957.9	2.82	3.46	0.96
8306.5	1966.2	3.42	4.06	0.32
8314.5	1967.9	3.34	3.98	0.90
8331.5	1971.7	3.33	3.97	0.95
8344.5	1974.6	3.16	3.80	0.60
8359.5	1978.0	3.14	3.78	0.84
8376.5	1981.7	2.88	3.52	0.87
8389.5	1984.6	3.01	3.65	0.84
8404.5	1988.0	3.00	3.64	1.13
8419.5	1991.3	2.73	3.37	1.31
8434.5	1994.6	2.66	3.30	1.33
8462.5	2000.8	2.74	3.38	1.12
8492.5	2007.5	2.81	3.45	1.26
8509.5	2011.3	2.95	3.59	1.00
8522.5	2014.2	3.09	3.73	1.22
8539.5	2018.0	3.15	3.79	1.13
8556.5	2021.7	3.15	3.79	0.88
8569.5	2024.6	3.01	3.65	1.26
8584.5	2028.0	2.94	3.58	0.78
8606.5	2032.9	2.93	3.57	0.79
8616.5	2035.1	2.91	3.55	0.69
8644.5	2041.3	3.08	3.72	0.84
8659.5	2044.6	3.59	4.23	0.56
8674.5	2048.0	3.41	4.05	0.29
8689.5	2051.3	3.60	4.24	0.40
8706.5	2055.1	3.54	4.18	0.45
8719.5	2058.0	3.42	4.06	0.45
8734.5	2061.3	3.39	4.03	0.62
8756.5	2066.2	3.13	3.77	0.68
8762.5	2067.5	3.13	3.77	0.88
8781.5	2071.8	3.03	3.67	0.94
8792.5	2074.2	2.86	3.50	0.99
8809.5	2078.0	3.05	3.69	0.83
8826.5	2081.8	2.97	3.61	0.76
8839.5	2084.6	3.07	3.71	0.79
8856.5	2088.4	2.85	3.49	1.06
8869.5	2091.3	2.69	3.33	0.93
8888.5	2095.5	2.73	3.37	0.61
8906.5	2099.5	2.82	3.46	0.63
8914.5	2101.3	2.73	3.37	0.65
8931.5	2105.1	3.25	3.89	0.57
8944.5	2108.0	3.10	3.74	0.70
8974.5	2114.7	2.65	3.29	1.04
8989.5	2118.0	2.52	3.16	0.98
9004.5	2121.3	2.71	3.35	0.78
9019.5	2124.7	2.90	3.54	0.49
9056.5	2132.9	3.54	4.18	0.26
9062.5	2134.2	3.72	4.36	0.33
9092.5	2140.9	3.49	4.13	0.01
9122.5	2147.6	3.22	3.86	0.42
9139.5	2151.3	3.20	3.84	0.76
9156.5	2155.1	2.90	3.54	0.94
9169.5	2158.0	2.95	3.59	0.87
9180.5	2160.4	2.79	3.43	0.85
9194.5	2163.6	2.75	3.39	1.03
9210.5	2167.1	2.95	3.59	0.77
9224.5	2170.2	2.95	3.59	0.96
9240.5	2173.8	2.98	3.62	0.87
9254.5	2176.9	3.11	3.75	0.64
9270.5	2180.5	3.08	3.72	0.51
9284.5	2183.6	2.74	3.38	0.89
9295.5	2186.0	2.97	3.61	0.97
9310.5	2189.3	2.91	3.55	0.87
9332.5	2194.2	2.90	3.54	0.64
9340.5	2196.0	2.79	3.43	0.70
9357.5	2199.8	2.75	3.39	0.78
9370.5	2202.7	2.88	3.52	0.36
9400.5	2209.3	2.54	3.18	0.58
9430.5	2216.0	2.97	3.61	0.55
9445.5	2219.3	3.48	4.12	0.30
9460.5	2222.7	3.06	3.70	0.59
9482.5	2227.6	3.08	3.72	0.76
9490.5	2229.4	2.92	3.56	0.58
9507.5	2233.1	2.67	3.31	1.13
9520.5	2236.0	2.61	3.25	0.95
9565.5	2246.0	2.51	3.15	0.81
9580.5	2249.4	2.57	3.21	0.75
9595.5	2252.7	2.94	3.58	0.64
9610.5	2256.0	2.92	3.56	0.64
9632.5	2260.9	3.35	3.99	0.49
9642.5	2263.1	3.25	3.89	0.43
9657.5	2266.5	3.22	3.86	0.66
9700.5	2276.0	2.75	3.39	0.80
9715.5	2279.4	2.67	3.31	0.99
9730.5	2282.7	2.60	3.24	0.86
9745.5	2286.0	2.76	3.40	0.70
9760.5	2289.4	2.87	3.51	0.77
9782.5	2294.3	3.00	3.64	0.60
9790.5	2296.0	3.00	3.64	0.66
9820.5	2302.7	3.13	3.77	0.72
9835.5	2306.0	2.82	3.46	0.48
9865.5	2312.7	2.89	3.53	0.51
9895.5	2319.4	2.68	3.32	0.83
9932.5	2327.6	2.50	3.14	0.71
9940.5	2329.4	2.79	3.43	1.04
9957.5	2333.2	2.86	3.50	0.69
9970.5	2336.0	3.10	3.74	0.80
9985.5	2339.4	3.18	3.82	0.77
10000.0	2342.6	3.16	3.80	0.61
10031.0	2349.5	3.07	3.71	0.42
10046.0	2352.8	2.88	3.52	0.89
10060.0	2355.9	2.58	3.22	1.00
10082.0	2360.8	2.63	3.27	1.30
10091.0	2362.8	2.79	3.43	1.01
10108.0	2366.6	2.73	3.37	1.25
10120.0	2369.3	2.77	3.41	1.02
10136.0	2372.8	3.01	3.65	0.84
10166.0	2379.5	3.13	3.77	1.17
10239.0	2395.7	2.91	3.55	0.90
10240.0	2396.0	3.05	3.69	0.91
10248.0	2397.7	2.64	3.28	1.15
10270.0	2402.6	2.71	3.35	1.10
10278.0	2404.4	2.70	3.34	1.03
10293.0	2407.7	2.76	3.40	0.82
10308.0	2411.1	2.58	3.22	1.05
10323.0	2414.4	2.74	3.38	1.03
10335.0	2417.1	2.89	3.53	1.06
10350.0	2420.4	3.11	3.75	0.77
10372.0	2425.3	3.55	4.19	0.37
10380.0	2427.1	3.74	4.38	0.64
10397.0	2430.8	3.52	4.16	0.57
10410.0	2433.7	3.56	4.20	0.50
10440.0	2440.4	3.29	3.93	0.75
10455.0	2443.7	3.10	3.74	0.47
10485.0	2450.4	3.07	3.71	0.89
10522.0	2458.6	2.62	3.26	1.05
10530.0	2460.4	2.59	3.23	1.07
10575.0	2470.4	2.84	3.48	0.92
10590.0	2473.7	3.35	3.99	0.83
10604.0	2476.9	3.49	4.13	0.20
10620.0	2480.4	3.51	4.15	-0.13
10650.0	2487.1	3.39	4.03	0.55
10672.0	2492.0	3.07	3.71	0.92
10680.0	2493.8	3.07	3.71	1.07
10707.0	2499.8	2.81	3.45	0.92
10725.0	2503.8	2.64	3.28	0.78
10740.0	2507.1	3.27	3.91	0.68
10770.0	2513.8	3.78	4.42	-0.15
10785.0	2517.1	3.67	4.31	0.03
10798.0	2520.0	3.66	4.30	-0.16
10822.0	2525.3	3.44	4.08	0.53
10829.0	2526.9	3.52	4.16	0.56
10847.0	2530.9	3.15	3.79	0.72
10858.0	2533.3	2.92	3.56	0.90
10875.0	2537.1	2.71	3.35	1.18
10920.0	2547.1	2.74	3.38	0.98
10950.0	2553.8	3.32	3.96	0.58
10972.0	2558.7	2.87	3.51	1.05
10980.0	2560.4	2.97	3.61	0.99
10997.0	2564.2	2.73	3.37	0.99
11009.0	2566.9	2.64	3.28	0.94
11025.0	2570.4	2.71	3.35	1.00
11055.0	2577.1	2.59	3.23	1.06
11070.0	2580.4	2.69	3.33	1.05
11085.0	2583.8	2.67	3.31	1.00
11100.0	2587.1	2.95	3.59	0.94
11122.0	2592.0	2.97	3.61	0.33
11130.0	2593.8	3.38	4.02	0.12
11147.0	2597.6	3.16	3.80	0.64
11160.0	2600.5	3.13	3.77	0.59
11175.0	2604.3	3.08	3.72	0.61
11190.0	2608.1	3.01	3.65	1.03
11205.0	2611.9	2.77	3.41	0.82
11226.0	2617.2	2.62	3.26	1.10
11240.0	2620.8	2.41	3.05	0.96
11256.0	2624.8	2.70	3.34	1.02
11270.0	2628.4	2.74	3.38	0.91
11286.0	2632.4	3.01	3.65	0.93
11300.0	2636.0	3.12	3.76	0.92
11316.0	2640.0	3.32	3.96	0.57
11346.0	2647.6	2.83	3.47	0.88
11360.0	2651.2	2.72	3.36	0.92
11375.0	2655.0	2.48	3.12	1.06
11418.0	2665.9	2.49	3.13	0.88
11433.0	2669.7	2.73	3.37	0.99
11464.0	2677.5	3.11	3.75	0.90
11479.0	2681.3	3.32	3.96	0.80
11509.0	2688.9	2.79	3.43	0.94
11531.0	2694.5	2.98	3.62	0.84
11555.0	2700.6	2.92	3.56	0.67
11569.0	2704.1	3.31	3.95	0.41
11584.0	2707.9	3.33	3.97	0.56
11613.0	2715.3	3.46	4.10	0.42
11644.0	2723.1	3.49	4.13	0.72
11659.0	2726.9	2.82	3.46	0.54
11689.0	2734.5	2.78	3.42	0.97
11706.0	2738.8	2.75	3.39	0.71
11718.0	2741.9	2.63	3.27	0.49
11733.0	2745.7	2.59	3.23	0.66
11746.0	2749.0	2.61	3.25	1.26
11778.0	2757.1	2.52	3.16	1.02
11794.0	2761.1	2.68	3.32	0.88
11809.0	2764.9	3.36	4.00	0.80
11837.0	2772.0	2.69	3.33	0.95
11855.0	2776.6	2.57	3.21	1.08
11869.0	2780.1	2.41	3.05	0.85
11884.0	2783.9	2.69	3.33	1.09
11914.0	2791.5	2.77	3.41	0.75
11929.0	2795.3	2.95	3.59	1.00
11943.0	2798.9	3.07	3.71	0.70
11958.0	2802.7	3.12	3.76	0.65
11980.0	2808.3	2.94	3.58	0.88
11988.0	2810.3	2.97	3.61	0.93
12006.0	2814.8	2.77	3.41	1.13
12018.0	2817.9	2.66	3.30	1.13
12049.0	2825.7	2.48	3.12	1.19
12064.0	2829.5	2.48	3.12	0.93
12107.0	2840.4	2.79	3.43	1.10
12131.0	2846.5	2.89	3.53	1.00
12138.0	2848.3	2.53	3.17	0.79
12156.0	2852.8	2.68	3.32	1.03
12168.0	2855.9	2.41	3.05	0.87
12183.0	2859.7	2.54	3.18	1.00
12198.0	2863.5	2.43	3.07	0.95
12214.0	2867.5	2.74	3.38	1.17
12243.0	2874.9	2.61	3.25	1.08
12248.0	2876.2	2.59	3.23	0.74
12309.0	2891.6	2.33	2.97	0.49
12320.0	2894.4	2.54	3.18	0.95
12335.0	2898.2	2.17	2.81	0.91
12357.0	2903.8	2.37	3.01	1.06
12365.0	2905.8	2.47	3.11	0.95
12382.0	2910.1	2.50	3.14	0.68
12395.0	2913.4	2.74	3.38	0.87
12425.0	2921.0	2.71	3.35	0.79
12440.0	2924.8	2.76	3.40	0.57
12455.0	2928.6	2.19	2.83	0.80
12470.0	2932.4	2.89	3.53	0.34
12507.0	2941.8	2.35	2.99	0.88
12513.0	2943.3	2.39	3.03	0.86
12532.0	2948.1	2.21	2.85	0.98
12545.0	2951.4	2.16	2.80	0.82
12560.0	2955.2	2.17	2.81	0.84
12575.0	2959.0	2.21	2.85	0.93
12590.0	2962.8	2.36	3.00	1.06
12605.0	2966.6	2.29	2.93	0.77
12620.0	2970.4	2.39	3.03	0.95
12633.0	2973.7	2.68	3.32	0.86
12657.0	2979.8	2.75	3.39	0.81
12665.0	2981.8	2.67	3.31	0.66
12682.0	2986.1	2.62	3.26	0.72
12695.0	2989.4	2.60	3.24	0.75
12710.0	2993.2	2.42	3.06	0.60
12725.0	2997.0	2.34	2.98	0.96
12740.0	3000.8	2.60	3.24	0.73
12757.0	3005.1	2.53	3.17	0.69
12770.0	3008.4	2.58	3.22	0.79
12785.0	3012.2	2.44	3.08	0.93
12807.0	3017.8	2.61	3.25	0.77
12815.0	3019.8	2.59	3.23	0.73
12832.0	3024.1	2.75	3.39	0.64
12843.0	3026.9	2.60	3.24	0.59
12860.0	3031.2	2.66	3.30	0.54
12875.0	3035.0	2.55	3.19	0.71
12890.0	3038.8	2.21	2.85	0.75
12905.0	3042.6	2.44	3.08	0.91
12920.0	3046.4	2.34	2.98	0.70
12935.0	3050.2	2.78	3.42	0.72
12957.0	3055.7	2.58	3.22	0.52
12965.0	3057.6	2.59	3.23	0.62
12982.0	3061.8	2.26	2.90	0.85
12995.0	3064.9	2.45	3.09	0.90
13010.0	3068.6	2.06	2.70	0.79
13023.0	3071.7	2.00	2.64	0.81
13040.0	3075.8	2.33	2.97	1.01
13070.0	3083.1	2.36	3.00	0.81
13083.0	3086.3	2.19	2.83	0.82
13115.0	3094.0	2.35	2.99	0.83
13143.0	3100.8	2.37	3.01	0.66
13162.0	3105.4	2.31	2.95	0.90
13175.0	3108.6	2.43	3.07	0.97
13192.0	3112.7	2.23	2.87	0.92
13207.0	3116.3	2.38	3.02	0.71
13220.0	3119.5	2.43	3.07	0.76
13280.0	3134.1	2.33	2.97	0.51
13295.0	3137.8	2.50	3.14	0.51
13310.0	3141.5	2.19	2.83	0.79
13332.0	3146.9	2.07	2.71	0.77
13357.0	3153.1	2.13	2.77	0.81
13370.0	3156.3	2.18	2.82	0.72
13385.0	3160.0	2.21	2.85	0.87
13415.0	3167.4	2.25	2.89	0.96
13430.0	3171.1	2.24	2.88	0.87
13445.0	3174.7	2.29	2.93	1.00
13460.0	3178.4	2.43	3.07	0.67
13482.0	3183.8	2.02	2.66	1.05
13488.0	3185.3	2.05	2.69	1.08
13507.0	3190.0	2.13	2.77	1.06
13518.0	3192.7	1.98	2.62	1.00
13535.0	3196.9	2.11	2.75	1.01
13548.0	3200.1	1.93	2.57	1.01
13565.0	3204.3	2.03	2.67	1.07
13580.0	3208.0	2.07	2.71	1.01
13610.0	3215.3	2.24	2.88	1.01
13632.0	3220.8	2.02	2.66	0.82
13643.0	3223.6	2.19	2.83	0.94
13657.0	3227.3	2.07	2.71	0.94
13670.0	3230.6	2.11	2.75	0.75
13685.0	3234.6	2.08	2.72	0.77
13700.0	3238.5	2.23	2.87	0.91
13730.0	3246.3	2.10	2.74	1.12
13782.0	3259.8	2.22	2.86	0.85
13790.0	3261.9	2.08	2.72	0.78
