Core label	depth	compdepth	age	cw13	cw18
GeoB1722-3	0,01	0,01	1,00	0,26	2,65
GeoB1722-3	0,04	0,04	2,37	0,06	2,87
GeoB1722-3	0,07	0,07	3,74	0,54	2,64
GeoB1722-3	0,10	0,10	5,13	0,37	3,33
GeoB1722-3	0,13	0,13	6,54	0,60	2,67
GeoB1722-3	0,16	0,16	7,98	0,38	3,09
GeoB1722-3	0,19	0,19	9,46	-0,08	3,67
GeoB1722-3	0,22	0,22	10,99	0,36	3,24
GeoB1722-3	0,25	0,25	12,57	0,37	3,13
GeoB1722-3	0,28	0,28	14,21	0,15	3,67
GeoB1722-1	0,28	0,32	16,50	-0,23	4,35
GeoB1722-1	0,33	0,37	19,56	-0,17	4,39
GeoB1722-1	0,38	0,42	22,84	-0,09	4,23
GeoB1722-1	0,43	0,47	26,32	-0,43	4,07
GeoB1722-1	0,48	0,52	30,01	-0,12	3,92
GeoB1722-1	0,53	0,57	33,91	-0,06	3,96
GeoB1722-1	0,58	0,62	38,00	-0,33	4,01
GeoB1722-1	0,63	0,67	42,27	-0,29	3,68
GeoB1722-1	0,68	0,72	46,60	0,13	3,84
GeoB1722-1	0,73	0,77	50,88	-0,04	3,81
GeoB1722-1	0,78	0,82	54,99	0,03	3,87
GeoB1722-1	0,83	0,87	58,79	0,19	3,74
GeoB1722-1	0,88	0,92	62,17	-0,03	3,83
GeoB1722-1	0,93	0,97	65,00	-0,37	4,02
GeoB1722-1	0,98	1,02	67,20		
GeoB1722-1	1,03	1,07	68,90		
GeoB1722-1	1,08	1,12	70,26	-0,36	3,73
GeoB1722-1	1,13	1,17	71,44	0,05	3,67
GeoB1722-1	1,18	1,22	72,61	-0,13	3,84
GeoB1722-1	1,23	1,27	73,93	0,08	3,46
GeoB1722-1	1,28	1,32	75,58	0,21	3,31
GeoB1722-1	1,33	1,37	77,71	0,31	3,26
GeoB1722-1	1,38	1,42	80,50	0,10	3,11
GeoB1722-1	1,43	1,47	84,04	0,24	3,20
GeoB1722-1	1,48	1,52	88,21	0,01	3,28
GeoB1722-1	1,53	1,57	92,78	0,03	3,18
GeoB1722-1	1,58	1,62	97,58	0,10	3,17
GeoB1722-1	1,63	1,67	102,38	0,32	2,83
GeoB1722-1	1,68	1,72	107,00	0,07	3,36
GeoB1722-1	1,73	1,77	111,27	0,26	3,15
GeoB1722-1	1,78	1,82	115,21	0,17	3,26
GeoB1722-1	1,83	1,87	118,87	0,18	2,35
GeoB1722-1	1,88	1,92	122,31	0,16	2,70
GeoB1722-1	1,93	1,97	125,59	0,18	2,53
GeoB1722-1	1,98	2,02	128,76	-0,53	3,30
GeoB1722-1	2,03	2,07	131,88	0,20	3,39
GeoB1722-1	2,08	2,12	135,00	-0,48	3,96
GeoB1722-1	2,13	2,17	138,17	-0,05	3,37
GeoB1722-1	2,18	2,22	141,39	-0,24	4,21
GeoB1722-1	2,23	2,27	144,66	-0,17	3,93
GeoB1722-1	2,28	2,32	147,95	-0,31	4,11
GeoB1722-1	2,33	2,37	151,26	-0,42	4,10
GeoB1722-1	2,38	2,42	154,57	-0,47	4,10
GeoB1722-1	2,43	2,47	157,89	-0,36	4,13
GeoB1722-1	2,48	2,52	161,19	-0,14	4,08
GeoB1722-1	2,53	2,57	164,46		
GeoB1722-1	2,58	2,62	167,70	-0,35	3,77
GeoB1722-1	2,63	2,67	170,89	0,01	3,94
GeoB1722-1	2,68	2,72	174,03	-0,66	3,80
GeoB1722-1	2,73	2,77	177,10	-0,35	3,80
GeoB1722-1	2,78	2,82	180,10		
GeoB1722-1	2,83	2,87	183,00	-0,50	3,96
GeoB1722-1	2,88	2,92	185,81		
GeoB1722-1	2,93	2,97	188,57	-0,07	3,72
GeoB1722-1	2,98	3,02	191,32	-0,26	3,28
GeoB1722-1	3,03	3,07	194,11	0,02	3,26
GeoB1722-1	3,08	3,12	196,97	0,16	2,91
GeoB1722-1	3,13	3,17	199,95	-0,09	3,14
GeoB1722-1	3,18	3,22	203,10	0,04	3,08
GeoB1722-1	3,23	3,27	206,47	0,15	3,14
GeoB1722-1	3,28	3,32	210,08	0,00	2,95
GeoB1722-1	3,33	3,37	214,00	0,00	3,43
GeoB1722-1	3,38	3,42	218,27	-0,15	3,39
GeoB1722-1	3,43	3,47	222,92	0,19	3,05
GeoB1722-1	3,48	3,52	228,00	-0,12	3,96
GeoB1722-1	3,53	3,57	233,51	0,30	2,99
GeoB1722-1	3,58	3,62	239,20	-0,38	3,56
GeoB1722-1	3,63	3,67	244,80	-0,34	3,71
GeoB1722-1	3,68	3,72	250,00	-0,55	3,99
GeoB1722-1	3,73	3,77	254,60		
GeoB1722-1	3,78	3,82	258,66	-0,40	3,99
GeoB1722-1	3,83	3,87	262,32	-0,40	3,93
GeoB1722-1	3,88	3,92	265,72	-0,79	3,99
GeoB1722-1	3,93	3,97	269,00	-0,59	4,12
GeoB1722-1	3,98	4,02	272,28	-0,76	3,91
GeoB1722-1	4,03	4,07	275,57	-0,28	3,69
GeoB1722-1	4,08	4,12	278,86	-0,31	3,56
GeoB1722-1	4,13	4,17	282,17	0,10	3,29
GeoB1722-1	4,18	4,22	285,46		
GeoB1722-1	4,23	4,27	288,75	-0,28	3,51
GeoB1722-1	4,28	4,32	292,02	-0,61	3,40
GeoB1722-1	4,33	4,37	295,27	-0,27	3,71
GeoB1722-1	4,38	4,42	298,50	0,05	3,66
GeoB1722-1	4,43	4,47	301,70	0,01	3,64
GeoB1722-1	4,48	4,52	304,86	-0,04	3,34
GeoB1722-1	4,53	4,57	307,99	-0,19	3,37
GeoB1722-1	4,58	4,62	311,10	0,16	3,33
GeoB1722-1	4,63	4,67	314,18	-0,01	3,18
GeoB1722-1	4,68	4,72	317,24	-0,12	3,12
GeoB1722-1	4,73	4,77	320,27	0,02	2,99
GeoB1722-1	4,78	4,82	323,29	0,36	2,60
GeoB1722-1	4,83	4,87	326,28	0,39	2,66
GeoB1722-1	4,88	4,92	329,25	0,38	2,52
GeoB1722-1	4,93	4,97	332,21	0,19	2,63
GeoB1722-1	4,98	5,02	335,15	0,26	2,64
GeoB1722-1	5,03	5,07	338,08	-0,16	3,76
GeoB1722-1	5,08	5,12	341,00	-0,85	4,39
GeoB1722-1	5,13	5,17	343,91	-0,59	4,02
GeoB1722-1	5,18	5,22	346,80	-0,64	4,17
GeoB1722-1	5,23	5,27	349,69	-0,80	3,98
GeoB1722-1	5,28	5,32	352,57	-0,76	3,99
GeoB1722-1	5,33	5,37	355,44		
GeoB1722-1	5,38	5,42	358,30	-0,62	4,00
GeoB1722-1	5,43	5,47	361,15		
GeoB1722-1	5,48	5,52	364,00	-0,41	3,81
GeoB1722-1	5,53	5,57	366,84	-0,49	3,85
GeoB1722-1	5,58	5,62	369,67		
GeoB1722-1	5,63	5,67	372,49	-0,40	3,52
GeoB1722-1	5,68	5,72	375,31	-0,08	3,72
GeoB1722-1	5,73	5,77	378,13	-0,30	3,64
GeoB1722-1	5,78	5,82	380,94	-0,37	3,66
GeoB1722-1	5,83	5,87	383,74	-0,11	3,76
GeoB1722-1	5,88	5,92	386,55	0,05	3,57
GeoB1722-1	5,93	5,97	389,34	0,04	3,53
GeoB1722-1	5,98	6,02	392,14	0,18	3,32
GeoB1722-1	6,03	6,07	394,93	0,06	3,38
GeoB1722-1	6,08	6,12	397,72	0,23	3,04
GeoB1722-1	6,13	6,17	400,51	0,55	2,76
GeoB1722-1	6,18	6,22	403,30	0,37	2,57
GeoB1722-1	6,23	6,27	406,09	0,49	2,70
GeoB1722-1	6,28	6,32	408,87	0,66	2,53
GeoB1722-1	6,33	6,37	411,66	0,61	2,40
GeoB1722-1	6,38	6,42	414,45	0,47	2,70
GeoB1722-1	6,43	6,47	417,23	0,40	2,64
GeoB1722-1	6,48	6,52	420,02	0,52	2,88
GeoB1722-1	6,53	6,57	422,81	0,45	3,01
GeoB1722-1	6,58	6,62	425,61	0,40	3,18
GeoB1722-1	6,63	6,67	428,40	0,25	3,44
GeoB1722-1	6,68	6,72	431,20	-0,74	4,39
GeoB1722-1	6,73	6,77	434,00	-0,60	4,51
GeoB1722-1	6,78	6,82	436,81	-0,80	4,59
GeoB1722-1	6,83	6,87	439,62	-0,71	4,37
GeoB1722-1	6,88	6,92	442,43	-0,36	4,34
GeoB1722-1	6,93	6,97	445,25	-0,86	4,32
GeoB1722-1	6,98	7,02	448,08	-0,44	4,20
GeoB1722-1	7,03	7,07	450,91	-0,74	3,90
GeoB1722-1	7,08	7,12	453,76	-0,47	4,01
GeoB1722-1	7,13	7,17	456,61	-0,63	3,88
GeoB1722-1	7,18	7,22	459,47	-0,28	3,89
GeoB1722-1	7,23	7,27	462,33		
GeoB1722-1	7,28	7,32	465,21	-0,48	3,68
GeoB1722-1	7,33	7,37	468,10	-0,61	3,79
GeoB1722-1	7,38	7,42	471,00	-0,52	4,10
GeoB1722-1	7,43	7,47	473,91	-0,53	3,93
GeoB1722-1	7,48	7,52	476,85	-0,29	3,64
GeoB1722-1	7,53	7,57	479,82	-0,79	3,81
GeoB1722-1	7,58	7,62	482,83	0,23	3,65
GeoB1722-1	7,63	7,67	485,89	0,35	3,49
GeoB1722-1	7,68	7,72	489,01	0,35	3,05
GeoB1722-1	7,73	7,77	492,21	0,38	3,24
GeoB1722-1	7,78	7,82	495,49	0,64	2,97
GeoB1722-1	7,83	7,87	498,87	0,40	3,28
GeoB1722-1	7,88	7,92	502,35	0,26	3,43
GeoB1722-1	7,93	7,97	505,94	0,17	3,46
GeoB1722-1	7,98	8,02	509,65	0,14	3,64
GeoB1722-1	8,03	8,07	513,51	0,05	3,69
GeoB1722-1	8,08	8,12	517,50	0,55	3,54
GeoB1722-1	8,13	8,17	521,65	-0,24	3,44
GeoB1722-1	8,18	8,22	525,97	0,41	3,28
GeoB1722-1	8,23	8,27	530,45	-0,09	3,52
GeoB1722-1	8,28	8,32	535,13	-0,32	3,60
GeoB1722-1	8,33	8,37	540,00	-0,73	4,02
GeoB1722-1	8,38	8,42	545,07		
GeoB1722-1	8,43	8,47	550,33	-0,30	3,65
GeoB1722-1	8,48	8,52	555,76	-0,29	3,64
GeoB1722-1	8,53	8,57	561,33		
GeoB1722-1	8,58	8,62	567,03	-0,15	2,72
GeoB1722-1	8,63	8,67	572,85	0,17	2,76
GeoB1722-1	8,68	8,72	578,75	-0,56	2,83
GeoB1722-1	8,73	8,77	584,73		
GeoB1722-1	8,78	8,82	590,76		
GeoB1722-1	8,83	8,87	596,83		
GeoB1722-1	8,88	8,92	602,91		
GeoB1722-1	8,93	8,97	608,98	-0,06	3,26
GeoB1722-1	8,98	9,02	615,04	-0,53	3,99
GeoB1722-1	9,03	9,07	621,05	-0,30	3,55
GeoB1722-1	9,08	9,12	627,00	-0,34	4,18
GeoB1722-1	9,13	9,17	632,88	-1,10	4,26
GeoB1722-1	9,18	9,22	638,74	-0,54	3,65
GeoB1722-1	9,23	9,27	644,61	-0,79	4,23
GeoB1722-1	9,28	9,32	650,57	-0,64	4,02
GeoB1722-1	9,33	9,37	656,65	-0,74	4,06
GeoB1722-1	9,38	9,42	662,90	-1,01	3,63
GeoB1722-1	9,43	9,47	669,39	-0,98	3,71
GeoB1722-1	9,48	9,52	676,16	-0,48	3,72
GeoB1722-1	9,53	9,57	683,27	0,15	3,11
GeoB1722-1	9,58	9,62	690,76	-0,01	3,42
GeoB1722-1	9,63	9,67	698,66	0,47	3,17
GeoB1722-1	9,68	9,72	706,90	0,09	3,49
GeoB1722-1	9,73	9,77	715,36	-0,14	3,61
GeoB1722-1	9,78	9,82	723,93	-0,17	3,55
GeoB1722-1	9,83	9,87	732,52	-0,42	3,70
GeoB1722-1	9,88	9,92	741,01	-0,84	3,90
GeoB1722-1	9,93	9,97	749,30	-0,69	3,95
GeoB1722-1	9,98	10,02	757,29		
GeoB1722-1	10,03	10,07	764,85	-0,28	3,42
GeoB1722-1	10,08	10,12	771,90	-0,41	3,32
GeoB1722-1	10,13	10,17	778,32	0,04	3,04
GeoB1722-1	10,18	10,22	784,00	-0,18	2,72
GeoB1722-1	10,23	10,27	789,00	0,03	2,96
