# NOAA Paleoclimatology Program - Paleocean Site Data			
# odp846_isot-tab.txt			
# Isotope data only			
# File Created: 19-Jan-2005			
#			
#*********************************************************************************			
# Please cite the contributor and the original publications when using these data			
#*********************************************************************************			
#			
# Missing Values indicated by '-999'			
#			
# PI:             Alan C. Mix			
# Core/Site:      ODP846			
# Latitude:       3.05.42S	( -3.095)		
# Longitude:      90.49.06W	( -90.81834)		
# Water Depth(m): 3296			
#			
# Publications:			
#   Mix. A.C.. N.G. Pisias. W. Rugh. J. Wilson. A. Morey. and T. Hagelberg. 1995.			
#     Benthic foraminifera stable isotope record form Site 849. 0-5 Ma: Local and global			
#     climate changes. Pages 371~412 in N.G. Pisias. L. Mayer. T. Janecek. A. Palmer-Julson.			
#     T.H. vanAndel. editors. Proceedings of the Ocean Drilling Program. Scientific			
#     Results 138. College Station. Texas. USA.			
#   Mix. A.C.. J. Le. and N.J. Shackleton. 1995. Benthic foraminiferal stable isotope			
#     stratigraphy of Site 846: 0-1.8 Ma. Pages 839~854 in N.G. Pisias. L. Mayer. T.			
#     Janecek. A. Palmer-Julson. and T.H. vanAndel. editors. Proceedings of the Ocean			
#     Drilling Program. Scientific Results 138. College Station. Texas. USA.			
#------------------			
#			
# Description & Notes:			
#   Tropical Pacific benthic isotope record for 0-5 Ma.			
#   Depth used is Revised Meters Composite Depth			
#			
# Variables:			
#             depth         Depth (cm)			
"#             yrBP          radiocarbon years B.P. (Libby half-life; B.P. = 1950)"			
#             d13Cforams-b  delta C13 PDB (Benthic Foraminifers)			
#             d18Oforams-b  delta O18 PDB (Benthic Foraminifers)			
#			
# CORE: ODP846			
depth	kyrBP	d18Oforams-b	d13Cforams-b
12	3.09	3.38	0.14
23	5.6	3.46	0.01
33	8.1	3.765	-0.08
43	10.55	4.14	-0.17
53	12.97	4.47	-0.21
63	15.37	4.99	-0.41
73	17.74	4.99	-0.43
87	20.98	4.9	-0.41
100	23.92	4.56	-0.29
113	26.76	4.76	-0.32
123	28.87	4.74	-0.44
133	30.91	4.64	-0.38
145	33.25	4.49	-0.33
159	35.87	4.56	-0.2
169	37.65	4.48	-0.16
179	39.39	4.44	-0.2
187	40.74	4.51	-0.18
198	42.54	4.35	-0.19
207	44	4.37	-0.24
218	45.73	4.43	-0.23
228	47.27	4.33	-0.26
238	48.8	4.35	-0.21
247	50.16	4.34	-0.3
259	52.01	4.46	-0.25
267	53.25	4.35	-0.38
278	54.99	4.5	-0.4
287	56.45	4.33	-0.41
296	57.95	4.36	-0.53
309	60.19	4.35	-0.43
318	61.83	4.47	-0.47
328	63.74	4.42	-0.53
339	65.98	4.5	-0.47
348	67.97	4.48	-0.3
357	70.1	4.11	-0.12
367	72.65	4.33	-0.21
378	75.71	3.98	0.01
388	78.74	4.04	-0.08
399	82.32	3.9	-0.12
410	86.14	4.06	-0.09
420	89.77	4.09	-0.13
428	92.71	4.08	-0.18
437	96.02	4.01	-0.01
443	98.19	3.91	-0.385
446	99.27	3.93	-0.21
455	102.42	3.76	-0.23
467	106.43	4.03	-0.29
479	110.2	3.82	-0.08
490	113.46	3.4	0
502	116.81	3.515	-0.075
512	119.47	3.13	0.22
522	122.03	2.98	0.12
532	124.49	3.25	-0.02
542	126.89	4.05	-0.205
552	129.23	4.185	-0.27
562	131.54	4.71	-0.33
572	133.81	4.88	-0.4
582	136.06	4.37	-0.25
592	138.28	4.7	-0.33
602	140.49	4.76	-0.43
613	142.88	4.69	-0.45
623	145.04	4.61	-0.58
633	147.19	4.47	-0.445
643	149.31	4.595	-0.425
653	151.4	4.53	-0.565
663	153.48	4.665	-0.5
672	155.33	4.675	-0.595
682	157.38	4.66	-0.505
691	159.23	4.57	-0.33
700	161.08	4.47	-0.475
709	162.94	4.435	-0.395
718	164.82	4.39	-0.47
727	166.75	4.305	-0.455
736	168.72	4.26	-0.545
745	170.78	4.24	-0.515
753	172.68	4.325	-0.505
762	174.95	4.3	-0.565
771	177.39	4.3	-0.43
779	179.75	4.46	-0.39
788	182.67	4.065	-0.33
795	185.18	3.955	-0.27
803	188.28	4.03	-0.32
810	191.2	4	-0.51
818	194.98	3.625	-0.1
826	199.09	3.815	-0.175
834	203.45	3.71	-0.045
842	207.94	3.6	-0.02
850	212.44	3.53	-0.265
859	217.11	3.455	-0.26
868	221.28	3.795	-0.48
877	224.9	4.325	-0.455
887	228.35	4.41	-0.49
898	231.58	4.07	-0.485
908	234.1	4.195	-0.49
919	236.53	4.055	-0.47
929	238.49	3.845	-0.33
940	240.46	3.73	-0.315
949	241.94	3.74	-0.27
958	243.39	4.165	-0.49
968	245.01	4.15	-0.455
978	246.68	4.42	-0.69
987	248.24	4.525	-0.565
996	249.8	4.465	-0.645
1006	251.54	4.51	-0.62
1016	253.33	4.46	-0.83
1027	255.42	4.465	-0.885
1038	257.74	4.38	-0.82
1050	260.54	4.385	-0.92
1055	261.83	4.42	-0.82
1061	263.41	4.27	-0.64
1071	266.24	4.49	-0.55
1073	266.84	4.39	-0.76
1084	270.18	4.48	-0.54
1091	272.37	4.27	-0.5
1094	273.33	4.24	-0.65
1103	276.23	4.045	-0.355
1112	279.15	4.01	-0.44
1120	281.74	3.81	-0.28
1123	282.71	3.87	-0.1
1128	284.32	3.84	-0.48
1132	285.59	3.94	-0.39
1136	286.86	3.95	-0.46
1141	288.44	3.85	-0.37
1149	290.95	3.895	-0.53
1159	294.04	4.12	-0.54
1171	297.72	4.03	-0.38
1180	300.46	3.96	-0.47
1187	302.58	4.14	-0.48
1194	304.69	3.9	-0.36
1203	307.4	3.87	-0.41
1209	309.21	3.83	-0.61
1220	312.54	3.85	-0.48
1233	316.46	3.59	-0.46
1238	317.97	3.8	-0.34
1243	319.46	3.725	-0.385
1251	321.84	4.05	-0.5
1253	322.43	3.74	-0.43
1262	325.06	3.25	-0.22
1264	325.63	3.25	-0.28
1271	327.6	3.36	-0.27
1279	329.76	3.47	-0.3
1281	330.28	3.74	-0.45
1297	334.15	3.73	-0.28
1305	335.97	3.925	-0.475
1318	338.84	4.64	-0.67
1320	339.28	4.28	-0.51
1327	340.81	4.63	-0.63
1329	341.24	4.43	-0.51
1333	342.11	4.57	-0.65
1337	342.99	4.75	-0.53
1339	343.42	4.61	-0.52
1346	344.95	4.605	-0.53
1354	346.7	4.71	-0.58
1356	347.14	4.41	-0.36
1367	349.59	4.55	-0.58
1377	351.85	4.55	-0.67
1385	353.69	4.63	-0.69
1391	355.09	4.53	-0.72
1396	356.27	4.59	-0.6
1402	357.71	4.52	-0.46
1408	359.18	4.93	-0.56
1418	361.69	4.21	-0.44
1432	365.37	4.08	-0.25
1446	369.25	4.55	-0.54
1459	373.04	4.13	-0.34
1469	376.06	4.13	-0.19
1477	378.54	4.11	-0.13
1486	381.36	4.01	-0.26
1495	384.21	4.09	-0.22
1506	387.7	3.92	-0.27
1518	391.46	3.72	0.08
1533	396.04	3.8	0.04
1542	398.72	3.51	-0.165
1547	400.18	3.52	0.19
1552	401.63	3.2	0.115
1560	403.92	3.21	0.03
1563	404.77	3.26	0
1574	407.85	3.07	0.035
1585	410.9	3.31	-0.035
1595	413.66	3.34	-0.015
1606	416.71	3.48	0.01
1617	419.77	3.715	-0.245
1627	422.56	4.34	-0.34
1641	426.48	4.53	-0.46
1651	429.28	4.81	-0.475
1661	432.06	4.925	-0.495
1671	434.81	4.92	-0.36
1682	437.79	5.005	-0.365
1692	440.43	4.92	-0.405
1702	443	4.51	-0.24
1711	445.23	4.7	-0.395
1731	449.87	4.46	-0.395
1741	452.02	4.46	-0.45
1751	454.07	4.535	-0.585
1761	456.03	4.46	-0.457
1771	457.91	4.44	-0.35
1790	461.34	4.43	-0.35
1793	461.86	4.52	-0.44
1800	463.08	4.55	-0.46
1803	463.6	4.45	-0.44
1810	464.8	4.64	-0.39
1820	466.5	4.71	-0.42
1830	468.22	4.59	-0.45
1841	470.14	4.61	-0.39
1851	471.92	4.64	-0.37
1861	473.76	4.43	-0.22
1871	475.67	4.26	-0.08
1881	477.66	4.04	-0.12
1891	479.75	4.08	0.1
1905	482.94	3.93	0.16
1915	485.4	3.82	0.25
1925	488.03	3.82	0.23
1935	490.84	4.35	-0.24
1945	493.82	3.87	0.11
1955	496.95	3.94	0.13
1965	500.19	3.68	-0.01
1975	503.52	4.12	0.19
1985	506.86	4.21	0.16
1995	510.18	4.26	0.22
2005	513.45	4.39	0.29
2015	516.65	4.38	0.25
2025	519.73	4.26	0.2
2027	520.33	4.07	0.13
2035	522.55	4.12	0.07
2043	524.52	4.08	-0.07
2051	526.24	4.1	-0.13
2061	528.11	4.26	-0.33
2070	529.8	4.38	-0.34
2081	532.29	4.37	-0.28
2091	535.15	4.34	-0.31
2106	540.94	4.48	-0.34
2121	548.08	4.2	-0.3
2137	556.04	4.33	-0.5
2146	560.09	4.21	-0.36
2156	564.12	4.12	-0.39
2162	566.33	3.91	-0.34
2168	568.35	3.88	-0.22
2176	570.88	3.94	-0.23
2183	572.99	3.74	-0.15
2190	575.03	3.72	0.05
2201	578.12	3.58	-0.02
2215	582.04	3.87	-0.2
2228	585.79	4.35	-0.3
2241	589.8	4.4	-0.38
2250	592.8	4.21	-0.17
2260	596.42	4.04	-0.21
2270	600.38	4.01	-0.12
2278	603.84	4.08	-0.06
2287	607.95	4.01	-0.02
2295	611.78	3.79	0.02
2301	614.71	4.02	-0.21
2308	618.17	4.18	-0.24
2314	621.06	4.39	-0.27
2322	624.78	4.88	-0.45
2330	628.22	4.78	-0.39
2339	631.54	5.1	-0.58
2348	634.4	4.79	-0.54
2356	636.64	4.93	-0.62
2365	638.92	4.99	-0.59
2376	641.43	4.86	-0.6
2383	642.91	4.76	-0.64
2397	645.63	4.81	-0.59
2408	647.6	4.67	-0.62
2421	649.8	4.73	-0.6
2430	651.29	4.73	-0.6
2440	652.92	4.74	-0.68
2448	654.23	4.72	-0.56
2460	656.25	4.59	-0.74
2471	658.2	4.55	-0.65
2476	659.13	4.61	-0.61
2483	660.49	4.54	-0.64
2488	661.5	4.51	-0.72
2494	662.82	4.47	-0.65
2501	664.45	4.33	-0.56
2507	666.03	4.55	-0.65
2509	666.56	4.32	-0.51
2520	669.93	4.55	-0.58
2530	673.67	4.42	-0.58
2536	676.35	4.38	-0.57
2540	678.13	4.56	-0.7
2543	679.69	4.42	-0.63
2546	681.24	4.49	-0.78
2549	682.8	4.44	-0.6
2553	685.04	4.43	-0.46
2558	687.9	4.03	-0.28
2600	709.48	4.48	-0.51
2624	717.07	4.63	-0.62
2633	719.52	4.59	-0.53
2639	721.09	4.64	-0.48
2644	722.37	4.43	-0.39
2649	723.64	4.23	-0.41
2657	725.65	4.18	-0.13
2671	729.18	4.27	-0.24
2707	738.66	4.39	-0.42
2728	744.51	4.3	-0.58
2737	747.03	4.41	-0.6
2744	748.98	4.34	-0.37
2749	750.36	4.52	-0.64
2756	752.28	4.65	-0.7
2773	756.85	4.47	-0.54
2785	759.96	4.47	-0.55
2798	763.23	4.31	-0.4
2809	765.92	4.11	-0.42
2819	768.28	4.16	-0.55
2829	770.59	4.03	-0.29
2839	772.85	3.94	-0.35
2848	774.84	3.98	-0.47
2858	777.02	3.73	-0.2
2868	779.19	3.68	-0.24
2878	781.33	3.66	-0.44
2889	783.63	3.77	-0.38
2899	785.64	4.03	-0.42
2908	787.35	4.135	-0.475
2927	790.8	3.97	-0.36
2937	792.61	4.68	-0.64
2948	794.66	4.63	-0.62
2959	796.75	4.6	-0.67
2969	798.7	4.41	-0.53
2978	800.51	4.44	-0.49
2987	802.4	4.08	-0.62
2997	804.57	4.38	-0.49
3008	807.06	4.3	-0.39
3018	809.43	4.17	-0.3
3028	811.91	4.01	-0.22
3038	814.49	3.86	-0.31
3047	816.9	4.12	-0.4
3078	825.92	4.05	-0.4
3088	829.07	4.03	-0.67
3098	832.33	4.06	-0.5
3108	835.69	3.99	-0.43
3118	839.12	3.77	-0.28
3128	842.6	3.67	-0.42
3138	846.12	3.72	-0.39
3149	849.99	3.85	-0.3
3159	853.45	4.04	-0.45
3168	856.5	3.59	-0.4
3178	859.79	3.62	-0.47
3189	863.26	3.94	-0.43
3202	867.14	4.46	-0.74
3216	871.07	4.44	-0.83
3232	875.25	4.79	-0.82
3246	878.67	4.69	-0.82
3257	881.26	4.78	-0.85
3266	883.33	4.72	-0.8
3274	885.14	4.56	-0.81
3282	886.92	4.46	-0.85
3291	888.92	4.54	-0.89
3302	891.34	4.51	-0.79
3315	894.21	4.45	-0.79
3326	896.64	4.46	-0.69
3333	898.16	4.05	-0.51
3339	899.45	4.17	-0.57
3343	900.25	4.22	-0.65
3348	901.24	4.15	-0.66
3353	902.16	4.09	-0.54
3360	903.36	4.15	-0.79
3370	904.89	4.15	-0.76
3391	907.95	4.26	-0.98
3414	911.9	4.4	-1.06
3427	914.56	4.53	-0.96
3435	916.41	4.46	-0.91
3440	917.6	4.47	-0.94
3443	918.39	4.24	-0.8
3454	921.36	4.23	-0.75
3467	925.26	4.03	-0.57
3477	928.55	3.95	-0.51
3488	932.44	3.51	-0.42
3498	936.23	3.76	-0.25
3509	940.63	3.63	-0.26
3519	944.76	3.53	-0.2
3529	948.85	3.39	-0.29
3539	952.66	3.34	-0.4
3548	955.69	4.08	-0.53
3558	958.64	3.81	-0.43
3578	963.92	4.21	-0.29
3588	966.66	3.98	-0.26
3598	969.6	3.89	-0.23
3608	972.8	3.83	-0.29
3618	976.3	3.7	-0.16
3628	980.11	3.94	-0.32
3638	984.27	4	-0.42
3648	988.81	3.805	-0.29
3657	993.22	3.96	-0.37
3667	998.48	4.085	-0.375
3676	1003.5	4.06	-0.4
3678	1004.63	4.22	-0.3
3687	1009.88	4.23	-0.63
3696	1015.2	3.78	-0.14
3698	1016.38	4.06	-0.32
3706	1021.05	3.64	-0.2
3708	1022.21	3.9	-0.17
3716	1026.66	3.855	-0.2
3718	1027.76	4.35	-0.35
3726	1031.83	4.18	-0.39
3736	1036.38	4.41	-0.37
3746	1040.23	4.47	-0.39
3755	1043.14	4.38	-0.46
3765	1045.9	4.32	-0.52
3775	1048.32	4.21	-0.52
3785	1050.51	4.28	-0.58
3794	1052.33	4.23	-0.61
3804	1054.22	4.18	-0.59
3814	1056.01	4.21	-0.64
3824	1057.72	4.2	-0.63
3834	1059.38	4.15	-0.58
3844	1061	4.04	-0.37
3854	1062.58	3.79	-0.27
3864	1064.14	3.67	-0.03
3873	1065.55	3.34	-0.19
3883	1067.13	2.92	-0.29
3893	1068.73	3.93	-0.41
3903	1070.36	4.03	-0.7
3914	1072.21	3.36	-0.16
3923	1073.77	3.61	-0.24
3933	1075.57	3.58	-0.17
3944	1077.65	3.84	-0.12
3954	1079.62	3.63	-0.22
3964	1081.7	3.61	0.07
3974	1083.88	4.14	-0.13
3985	1086.4	4.24	-0.4
3996	1089.02	4.24	-0.39
4007	1091.73	4.28	-0.43
4019	1094.78	4.12	-0.49
4031	1097.91	4.3	-0.5
4041	1100.54	4.33	-0.54
4050	1102.92	4.08	-0.36
4058	1105.02	3.9	-0.16
4072	1108.64	4	-0.14
4079	1110.42	3.83	-0.29
4086	1112.17	3.89	-0.33
4093	1113.91	3.92	-0.26
4102	1116.11	4.2	-0.49
4112	1118.51	4.23	-0.56
4122	1120.88	4.31	-0.61
4135	1123.94	4.34	-0.66
4147	1126.77	4.48	-0.71
4160	1129.82	4.36	-0.58
4172	1132.65	4.42	-0.68
4182	1135.01	4.34	-0.65
4192	1137.39	4.21	-0.61
4201	1139.54	4.36	-0.79
4211	1141.94	4.05	-0.52
4219	1143.87	3.95	-0.38
4228	1146.05	3.92	-0.39
4238	1148.47	3.88	-0.38
4248	1150.86	3.89	-0.29
4258	1153.22	4.04	-0.25
4269	1155.78	3.86	0
4279	1158.06	3.8	-0.16
4290	1160.53	3.62	0.03
4300	1162.73	3.68	-0.01
4309	1164.66	3.7	0.02
4319	1166.78	3.89	-0.02
4328	1168.66	3.78	-0.06
4338	1170.75	3.54	-0.07
4348	1172.84	3.79	-0.13
4358	1174.96	3.8	-0.15
4369	1177.33	3.5	-0.29
4379	1179.57	3.57	-0.23
4389	1181.9	3.94	-0.42
4399	1184.36	3.71	-0.39
4408	1186.75	4.11	-0.49
4417	1189.35	4.16	-0.62
4426	1192.2	4.14	-0.59
4435	1195.33	4.1	-0.73
4445	1199.2	3.87	-0.73
4455	1203.46	4.17	-0.54
4465	1208.1	4.09	-0.42
4477	1213.98	4.18	-0.57
4488	1219.42	4.02	-0.26
4498	1224.19	3.77	0.02
4509	1229.07	3.77	-0.25
4518	1232.69	3.55	0.06
4527	1236	3.76	-0.21
4536	1239.02	3.49	-0.17
4545	1241.8	3.51	-0.75
4555	1244.64	3.83	-0.92
4566	1247.53	4.06	-0.6
4577	1250.23	4.42	-0.6
4583	1251.64	4.27	-0.59
4587	1252.56	4.45	-0.75
4590	1253.25	4.38	-0.68
4594	1254.14	4.58	-0.7
4601	1255.69	4.52	-0.59
4611	1257.85	4.25	-0.5
4622	1260.2	4.3	-0.54
4634	1262.73	4.22	-0.44
4643	1264.63	4.19	-0.34
4653	1266.73	4.1	-0.38
4663	1268.83	3.98	-0.34
4673	1270.95	3.89	-0.14
4683	1273.07	3.85	-0.12
4694	1275.41	3.77	-0.19
4704	1277.52	3.68	-0.15
4713	1279.42	3.81	-0.22
4723	1281.53	3.87	-0.28
4733	1283.63	4.03	-0.31
4743	1285.72	4.25	-0.54
4753	1287.8	4.35	-0.55
4763	1289.88	4.28	-0.52
4773	1291.92	4.26	-0.58
4783	1293.97	4.22	-0.59
4790	1295.39	4.2	-0.325
4800	1297.41	4.26	-0.4
4806	1298.62	4.35	-0.43
4813	1300.04	4.09	-0.48
4820	1301.46	4.11	-0.59
4831	1303.71	4.13	-0.65
4843	1306.17	4.05	-0.41
4858	1309.29	3.94	-0.23
4873	1312.46	3.79	-0.28
4886	1315.27	3.77	-0.14
4895	1317.25	3.7	-0.01
4904	1319.26	3.8	-0.24
4910	1320.62	3.65	-0.14
4918	1322.46	3.84	-0.29
4924	1323.85	4.01	-0.29
4929	1325.02	4.14	-0.42
4936	1326.67	4.14	-0.52
4943	1328.33	4.15	-0.67
4949	1329.76	4.1	-0.64
4958	1331.92	4.16	-0.6
4968	1334.32	4.14	-0.58
4979	1336.96	4.09	-0.58
5005	1343.15	3.98	-0.44
5015	1345.49	3.89	-0.25
5026	1348.03	3.59	0.01
5036	1350.31	3.54	-0.06
5044	1352.11	3.48	0.02
5055	1354.57	3.41	-0.08
5065	1356.8	3.68	-0.35
5076	1359.25	3.745	-0.225
5090	1362.38	3.91	-0.24
5104	1365.59	4.05	-0.26
5114	1367.95	4.22	-0.5
5124	1370.4	4.21	-0.57
5140	1374.53	4.11	-0.45
5148	1376.73	4.18	-0.44
5155	1378.75	4.08	-0.35
5162	1380.83	4.1	-0.26
5171	1383.65	3.85	-0.25
5179	1386.32	3.91	-0.18
5188	1389.47	3.75	-0.08
5198	1393.17	3.55	-0.05
5207	1396.66	3.54	-0.05
5218	1401.06	3.68	-0.19
5228	1405.15	3.86	-0.32
5239	1409.65	4.01	-0.42
5251	1414.45	4.19	-0.45
5263	1419.06	4.27	-0.5
5275	1423.43	4.25	-0.44
5285	1426.88	4.08	-0.51
5295	1430.15	3.88	-0.32
5303	1432.63	3.86	-0.54
5311	1435.02	3.49	-0.09
5319	1437.3	3.51	-0.12
5328	1439.81	3.46	0.03
5337	1442.26	3.22	-0.105
5347	1444.93	3.35	-0.04
5357	1447.56	3.24	-0.3
5368	1450.41	3.28	-0.38
5379	1453.19	3.73	-0.5
5388	1455.43	4	-0.54
5398	1457.91	4.31	-0.65
5407	1460.16	4.34	-0.46
5416	1462.43	4.2	-0.53
5426	1464.99	4.03	-0.36
5437	1467.91	3.73	-0.24
5447	1470.7	3.74	-0.11
5458	1473.95	3.74	-0.03
5468	1477.12	3.54	0.11
5478	1480.54	3.47	0.215
5488	1484.26	3.36	0.06
5497	1487.88	3.39	-0.1
5507	1492.22	3.41	-0.12
5517	1496.87	3.94	-0.34
5528	1502.28	4.32	-0.435
5538	1507.35	4.19	-0.58
5549	1512.9	4.06	-0.17
5559	1517.76	3.73	0.03
5568	1521.87	3.57	-0.03
5578	1526.13	3.72	-0.09
5588	1530.03	3.92	-0.37
5607	1536.46	4.095	-0.65
5617	1539.45	4.4	-0.64
5627	1542.24	4.3	-0.5
5636	1544.6	4.3	-0.66
5647	1547.35	3.8	-0.15
5659	1550.23	3.83	-0.05
5671	1553.03	4.105	-0.225
5684	1556.08	3.87	-0.12
5698	1559.44	3.81	-0.02
5712	1562.94	3.72	0.12
5724	1566.16	3.79	0.01
5736	1569.62	3.885	-0.02
5743	1571.78	3.98	-0.125
5748	1573.39	4.17	-0.1
5758	1576.83	4.145	-0.335
5765	1579.44	4.1	-0.3
5768	1580.59	4.05	-0.16
5776	1583.86	3.83	-0.24
5778	1584.69	3.88	-0.19
5792	1591.05	3.81	-0.2
5797	1593.49	3.87	-0.3
5799	1594.47	3.78	-0.17
5808	1599.12	3.76	-0.135
5818	1604.5	3.71	-0.125
5821	1606.14	3.73	-0.08
5825	1608.35	3.72	0.28
5828	1610	3.7	0.115
5831	1611.64	3.65	0.02
5836	1614.36	3.8	-0.07
5838	1615.44	3.73	-0.03
5843	1618.09	3.74	-0.07
5848	1620.69	3.84	0
5853	1623.18	3.82	-0.23
5856	1624.63	3.69	-0.23
5859	1626.08	3.94	-0.16
5868	1630.06	3.88	-0.04
5878	1634.06	3.765	-0.1
5888	1637.59	3.9	-0.11
5897	1640.39	3.885	-0.09
5907	1643.18	3.83	0.07
5914	1644.93	4.23	-0.5
5920	1646.36	3.66	0.02
5924	1647.22	4.19	-0.3
5929	1648.3	4.06	-0.37
5935	1649.51	4.33	-0.34
5941	1650.67	3.515	-0.025
5953	1652.82	4.25	-0.57
5970	1655.65	4.28	-0.6
5998	1659.96	4.14	-0.6
6029	1664.64	4.15	-0.57
6037	1665.9	4.17	-0.47
6041	1666.55	4.25	-0.69
6044	1667.04	4.2	-0.63
6046	1667.37	4.11	-0.53
6049	1667.87	4.06	-0.39
6052	1668.38	4.03	-0.4
6057	1669.26	3.8	-0.21
6075	1672.68	3.68	-0.14
6120	1684.22	3.64	-0.1
6128	1687.05	3.45	-0.26
6131	1688.16	3.75	-0.41
6133	1688.97	3.74	-0.29
6136	1690.18	3.85	-0.51
6138	1690.98	4	-0.79
6143	1693.15	4.05	-0.57
6147	1694.97	4.11	-1
6154	1698.33	4.02	-0.72
6167	1705.08	4	-0.87
6192	1718.56	3.61	-0.47
6209	1726.68	3.86	-0.32
6216	1729.53	3.51	-0.51
6222	1731.83	3.58	-0.5
6226	1733.23	3.9	-0.67
6232	1735.24	3.77	-0.46
6248	1739.83	3.62	-0.4
6270	1744.95	3.665	-0.39
6283	1747.56	3.91	-0.85
6291	1749.08	3.76	-0.675
6295	1749.81	4.12	-0.74
6303	1751.27	3.84	-0.52
6308	1752.17	3.71	-0.56
6314	1753.24	3.81	-0.51
6322	1754.67	3.79	-0.53
6332	1756.49	3.43	-0.41
6344	1758.74	3.5	-0.56
6358	1761.5	3.58	-0.28
6370	1764.02	3.73	-0.55
6382	1766.76	3.4	-0.29
6396	1770.25	3.44	-0.16
6408	1773.51	3.56	-0.52
6419	1776.72	3.88	-0.61
6428	1779.49	3.88	-0.6
6435	1781.72	4.14	-0.84
6442	1784	3.94	-0.52
6454	1787.93	3.91	-0.45
6465	1791.51	3.99	-0.72
6476	1794.96	3.94	-0.61
6485	1797.66	3.92	-0.49
6494	1800.22	3.57	-0.27
6504	1802.88	3.69	-0.61
6513	1805.14	3.62	-0.48
6523	1807.48	3.58	-0.59
6542	1811.54	3.88	-0.59
6552	1813.52	3.56	-0.36
6562	1815.5	3.54	-0.45
6572	1817.48	3.51	-0.33
6582	1819.46	3.71	-0.61
6592	1821.44	3.75	-0.74
6603	1823.61	3.9	-0.55
6612	1825.4	4.05	-0.51
6622	1827.38	4.03	-0.53
6632	1829.36	3.66	-0.345
6642	1831.34	3.79	-0.32
6651	1833.12	3.64	-0.62
6660	1834.9	3.64	-0.485
