hole	core	sect	interv	MCD	age (kyrs)	cib 18O	cib 13C	bull 18O	 bull 13C 	%CaCO3	%IRD
982A	1	1	 2-4	0.02	0	2.24	1.01	1.32	0.02	79.67	0.2008
982A	1	1	 7-9	0.07	0.6	2.27	0.79	1.48	-0.33	79.50	0.0000
982A	1	1	 12-14	0.12	1.2	2.27	1.00	1.48	-0.15	77.92	0.0000
982A	1	1	17-19	0.17	1.8	2.27	1.00	1.42	-0.16	82.25	0.0000
982A	1	1	22-24	0.22	2.4	2.20	1.08	1.32	-0.27	79.17	0.0000
982A	1	1	27-29	0.27	3	2.22	1.07	1.16	-0.13	80.33	0.0000
982A	1	1	32-34	0.32	3.6	2.19	0.94	1.44	-0.21	78.75	0.1988
982A	1	1	37-39	0.37	4.5875	2.27	0.79	1.42	-0.17	72.00	0.2008
982A	1	1	42-44	0.42	5.5921	2.26	0.97	1.57	-0.74	74.67	1.2295
982A	1	1	47-49	0.47	6.5967	2.19	1.00	1.51	-0.78	67.50	1.4113
982A	1	1	52-54	0.52	7.6014	2.39	0.96	1.47	-0.77	68.42	1.2245
982A	1	1	57-59	0.57	8.606	2.11	0.52	1.59	-0.89	61.83	2.0121
982A	1	1	62-64	0.62	10.962	3.28	1.21	1.82	-1.18	45.83	3.3613
982A	1	1	67-69	0.67	13.442	2.78	0.62	2.42	-0.81	46.33	4.8218
982A	1	1	72-74	0.72	15.923	3.82	1.35	2.79	-0.76	31.75	5.3305
982A	1	1	77-79	0.77	18.404	3.83	1.43	1.28	-0.62	37.25	3.3096
982A	1	1	82-84	0.82	20.885	3.90	1.44	3.16	-0.91	30.75	4.2017
982A	1	1	87-89	0.87	23.365	3.76	1.33	3.28	-0.63	36.67	3.9749
982A	1	1	92-94	0.92	25.846	3.74	1.26	3.03	-0.73	31.17	4.2553
982A	1	1	97-99	0.97	28.327	2.35	1.07	2.20	-0.70	51.75	3.6093
982A	1	1	102-104	1.02	30.808	3.59	1.44	3.14	-0.55	74.97	4.4492
982A	1	1	107-109	1.07	33.288	3.58	1.22	3.47	-0.58	42.33	2.7311
982A	1	1	112-114	1.12	35.769	3.54	1.29	3.36	-0.24	44.75	0.6000
982A	1	1	117-119	1.17	38.25	3.49	1.08	2.99	-0.52	54.58	1.2295
982A	1	1	122-124	1.22	40.731	3.47	1.12	3.18	-0.58	59.42	1.6260
982A	1	1	127-129	1.27	43.212	3.32	1.12	2.92	-0.55	56.25	2.0325
982A	1	1	132-134	1.32	45.692	3.22	1.39	2.93	-0.30	42.58	0.8147
982A	1	1	137-139	1.37	48.173	3.51	1.26	2.94	-0.91	48.75	2.2449
982A	1	1	142-144	1.42	50.654	3.60	1.29	2.83	-0.65	53.83	1.4199
982A	1	1	147-149	1.47	53.135	3.67	1.38	2.92	-0.60	50.42	1.2146
982A	1	2	 2-4	1.52	55.615	3.35	1.16	2.90	-0.51	60.67	0.0000
982A	1	2	 7-9	1.57	58.096	3.48	1.11	3.01	-0.70	58.17	1.2245
982A	1	2	 12-14	1.62	60.577	3.49	1.16	2.87	-0.53	51.75	1.0225
982A	1	2	17-19	1.67	63.058	3.29	0.86	2.75	-1.03	36.75	3.7445
982A	1	2	22-24	1.72	65.538	3.83	1.32	2.76	-0.79	28.42	4.2373
982A	1	2	27-29	1.77	68.019	4.28	1.41	2.87	-0.39	35.67	3.0675
982A	1	2	32-34	1.82	70.5	3.93	1.45	2.41	-0.23	45.25	1.4113
982A	1	2	37-39	1.87	72.981	3.70	1.41	2.99	-0.09	55.42	1.6227
982A	1	2	42-44	1.92	75.462	3.33	1.25	2.72	-0.35	76.25	0.6085
982A	1	2	47-49	1.97	77.942	3.33	1.21	2.73	-0.22	77.50	1.2146
982A	1	2	52-54	2.02	80.423	3.57	1.19	2.68	-0.47	75.33	0.6110
982A	1	2	57-59	2.07	82.904	3.39	1.09	2.80	-0.44	80.00	0.2058
982A	1	2	62-64	2.12	85.385	3.55	1.56	2.28	-0.56	75.17	0.8214
982A	1	2	67-69	2.17	87.865	3.09	1.24	2.57	-0.30	56.67	1.2632
982A	1	2	72-74	2.22	90.346	3.07	1.08	2.46	-0.38	71.83	2.8384
982A	1	2	77-79	2.27	92.827	3.06	1.05	2.51	-0.46	83.33	1.0225
982A	1	2	82-84	2.32	95.308	2.99	0.64	2.40	-0.48	77.68	0.8180
982A	1	2	87-89	2.37	97.788	2.92	0.83	2.33	-0.68	86.00	0.0000
982A	1	2	92-94	2.42	100.27			2.39	-0.82	81.75	0.6148
982A	1	2	97-99	2.47	102.75	2.67	1.00	1.83	-0.88	85.75	1.9190
982A	1	2	102-104	2.52	105.23	1.98	0.68	1.62	-0.52	84.67	0.0000
982A	1	2	107-109	2.57	107.71			2.29	-0.45	79.42	0.4016
982A	1	2	112-114	2.62	110.19	3.15	1.15	1.49	-1.11	83.33	0.2020
982A	1	2	117-119	2.67	112.67			1.35	-0.76	78.17	0.0000
982A	1	2	122-124	2.72	115.15	2.23	0.49	1.55	-0.94	72.17	0.8081
982A	1	2	127-129	2.77	117.63	2.22	0.30	1.49	-1.02	70.33	0.6073
982A	1	2	132-134	2.82	120.12	2.64	0.38	1.45	-1.04	58.83	0.8097
982A	1	2	137-139	2.87	122.6	2.48	0.32	1.43	-1.14	47.92	1.2346
982A	1	2	142-144	2.92	125.08	2.09	0.22	1.21	-1.27	40.67	4.7930
982A	1	2	147-149	2.97	127.56	3.02	0.81	0.94	-0.24	19.67	26.1900
982A	1	3	 2-4	3.02	130.04	3.44	1.07	2.87	-1.34	27.08	11.3840
982A	1	3	 7-9	3.07	132.52			3.21	-1.14	35.00	1.4493
982A	1	3	 12-14	3.12	136.29	3.98	1.14	3.37	-0.88	40.83	1.6667
982A	1	3	17-19	3.17	141.41	3.71	0.67	3.43	-1.03	41.33	2.0921
982A	1	3	22-24	3.22	146.52	3.91	1.16	3.12	-1.12	38.17	1.4675
982A	1	3	27-29	3.27	151.63	3.67	0.92	3.45	-0.83	36.25	4.1667
982A	1	3	32-34	3.32	156.75	3.21	0.77	3.32	-0.87	25.42	6.8230
982A	1	3	37-39	3.37	161.25	3.29	0.80	3.27	-0.99	31.42	4.6316
982A	1	3	42-44	3.42	165	3.53	0.89	2.94	-0.93	26.42	6.3158
982A	1	3	47-49	3.47	168.75	3.41	0.84	3.06	-0.89	40.25	4.1394
982A	1	3	52-54	3.52	172.5	3.63	0.98	3.08	-1.10	45.58	2.9412
982A	1	3	57-59	3.57	176.25	3.48	0.84	2.72	-1.04	56.75	0.8265
982A	1	3	62-64	3.62	179.55	3.58	0.81	2.89	-1.09	54.00	2.2587
982A	1	3	67-69	3.67	182.21	3.22	0.82	2.75	-1.18	44.58	1.6495
982A	1	3	72-74	3.72	184.86	3.19	0.77	2.81	-1.36	47.00	1.0183
982A	1	3	77-79	3.77	187.51	3.03	0.93	2.30	-0.50	49.00	0.8180
982A	1	3	82-84	3.82	190.16	2.63	0.82	2.34	-0.64	73.83	0.8247
982A	1	3	87-89	3.87	192.78	2.52	0.71	2.45	-0.54	64.25	0.6135
982A	1	3	92-94	3.92	195.33	2.38	0.80	2.56	-0.56	71.08	0.4049
982A	1	3	97-99	3.97	197.89	2.34	0.91	2.12	-0.93	72.25	0.8696
982A	1	3	102-104	4.02	200.44	2.71	1.02	2.37	-0.50	78.92	0.8621
982A	1	3	107-109	4.07	203	2.54	0.91	1.96	-1.12	75.25	2.1505
982A	1	3	112-114	4.12	205.56	2.65	0.97	2.62	-0.50	69.75	1.2766
982A	1	3	117-119	4.17	208.11	2.69	0.98	2.36	-0.92	78.33	1.5119
982A	1	3	122-124	4.22	210.67	2.53	0.93	2.22	-0.77	67.25	2.6201
982A	1	3	127-129	4.27	213.22	3.26	0.89	2.17	-0.90	62.50	4.0169
982A	1	3	132-134	4.32	215.78	2.64	1.07	1.96	-1.08	47.00	5.3691
982A	1	3	137-139	4.37	218.33	2.50	0.86	2.47	-1.02	53.42	3.5491
982A	1	3	142-144	4.42	220.89	2.75	0.74	2.62	-0.91	60.33	0.6186
982A	1	3	147-149	4.47	223.44	2.59	0.94	2.51	-0.83	64.33	2.7197
982A	1	4	 2-4	4.52	226	2.59	0.84	2.24	-0.54	74.17	1.2220
982A	1	4	 7-9	4.57	228.56	2.86	1.12	2.21	-0.84	74.58	0.8403
982A	1	4	 12-14	4.62	231.11	2.51	0.94	2.10	-0.85	75.58	2.2869
982A	1	4	17-19	4.67	233.67	2.37	0.90	1.83	-0.87	67.67	3.8934
982A	1	4	22-24	4.72	236.22	2.40	0.81	1.92	-0.92	55.17	3.9832
982A	1	4	27-29	4.77	238.78	2.45	0.78	2.27	-1.34	33.25	7.2034
982A	1	4	32-34	4.82	241.33	3.12	0.13	3.06	-1.04	42.00	5.5215
982A	1	4	37-39	4.87	243.99	2.58	0.95	2.21	-0.25	41.33	3.6810
982A	1	4	42-44	4.92	247.08	2.56	0.89	2.77	-1.05	51.58	10.4170
982A	1	4	47-49	4.97	250.17	3.45	0.73	2.76	-1.06	27.42	31.4290
982A	1	4	52-54	5.02	253.26	3.21	0.84	2.73	-1.10	39.75	11.9050
982A	1	4	57-59	5.07	256.35	3.40	0.86	2.70	-1.30	26.42	5.7432
982A	1	4	62-64	5.12	259.44	3.44	0.77	2.34	-1.38	34.00	7.1698
982A	1	4	67-69	5.17	262.55	3.54	1.00	2.81	-1.43	27.42	10.9590
982A	1	4	72-74	5.22	265.66	3.83	0.79	2.52	-1.03	19.33	7.7844
982A	1	4	77-79	5.27	268.76	3.84	1.05	2.86	-0.66	41.50	2.5105
982A	1	4	82-84	5.32	271.87	3.21	0.99	2.68	-0.69	69.67	0.6085
982A	1	4	87-89	5.37	274.91	3.14	0.96	2.64	-0.73	66.00	0.2028
982A	1	4	92-94	5.42	277.36	2.84	0.85	2.66	-0.26	66.92	2.8926
982A	1	4	97-99	5.47	279.82	3.47	1.09	2.51	-0.43	80.00	1.0549
982A	1	4	102-104	5.52	282.27	3.50	0.98	2.40	-0.59	77.92	2.7542
982A	1	4	107-109	5.57	284.73	2.91	1.03	2.50	-0.69	59.17	1.0373
982A	1	4	112-114	5.62	287.17	3.04	0.94	2.11	-0.38	72.33	0.8584
982A	1	4	117-119	5.67	289.5	3.04	1.14	2.40	-0.61	72.83	0.8333
982A	1	4	122-124	5.72	291.82	3.07	1.06	2.32	-0.50	77.17	0.4098
982A	1	4	127-129	5.77	294.14	2.94	1.22	2.43	-0.38	74.08	0.0000
982A	1	4	132-134	5.82	296.46	3.17	1.18	2.50	-0.31	70.00	0.6123
982A	1	4	137-139	5.87	298.77	3.02	1.19	2.35	-0.22	62.25	0.6135
982A	1	5	 2-4	6.02	304.09	2.64	1.10	2.27	-0.41	69.17	0.8529
982A	1	5	 7-9	6.07	305.86	2.79	1.12	1.87	-0.46	68.58	1.5054
982A	1	5	 12-14	6.12	307.64	2.74	1.09	1.91	-0.56	67.42	2.2727
982A	1	5	17-19	6.17	309.41	2.74	1.07	2.21	-0.66	80.25	0.2096
982A	1	5	22-24	6.22	311.18	2.48	0.96	1.90	-0.63	79.42	0.2033
982A	1	5	27-29	6.27	312.95			1.71	-0.55	82.47	0.0000
982A	1	5	32-34	6.32	314.73	2.56	0.93	1.73	-0.63	77.08	0.4107
982A	1	5	37-39	6.37	316.5	2.63	1.08	1.63	-0.82	78.50	0.6211
982A	1	5	42-44	6.42	318.27	2.52	0.94	1.73	-0.73	75.75	0.8333
982A	1	5	47-49	6.47	320.05	2.51	1.08	1.84	-0.88	74.33	1.9737
982A	1	5	52-54	6.52	321.82	2.57	1.10	1.77	-0.95	72.17	2.3148
982A	1	5	57-59	6.57	323.59	3.00	0.96	1.88	-0.67	69.42	2.1645
982A	1	5	62-64	6.62	325.36	2.91	0.09	1.61	-1.05	71.33	1.4583
982A	1	5	67-69	6.67	327.14	2.75	-0.03	1.39	-0.84	63.50	2.2917
982A	1	5	72-74	6.72	328.91	2.73	0.03	1.64	-1.23	54.75	6.5217
982A	1	5	77-79	6.77	330.68	2.49	0.06	1.62	-1.17	54.25	3.8055
982A	1	5	82-84	6.82	332.45	2.77	-0.01	1.62	-1.33	17.92	22.4060
982A	1	5	87-89	6.87	334.23	3.13	0.63	2.98	-1.53	18.75	36.9570
982A	1	5	92-94	6.92	335.68	3.18	0.62	2.30	-1.03	27.75	20.6030
982A	1	5	97-99	6.97	337.08	3.56	0.81	2.93	-1.45	24.67	18.6400
982A	1	5	102-104	7.02	338.48	3.52	1.06	2.90	-1.08	36.42	4.9041
982A	1	5	107-109	7.07	339.88	3.51	0.95	3.02	-1.07	38.33	5.3079
982A	1	5	112-114	7.12	341.28	3.23	0.94	2.88	-1.18	35.75	10.2170
982A	1	5	117-119	7.17	342.62	3.48	0.90	2.65	-1.36	24.25	30.1440
982A	1	5	122-124	7.22	343.94	3.64	1.12	2.48	-0.81	32.25	5.7082
982A	1	5	127-129	7.27	345.26	3.48	1.22	2.75	-0.49	40.75	5.8091
982A	1	5	132-134	7.32	346.59	3.05	0.98	2.84	-0.29	59.08	1.8330
982A	1	5	137-139	7.37	347.91	3.23	1.13	2.60	-0.48	61.58	1.0549
982A	1	5	142-144	7.42	349.24	3.56	1.14	2.67	0.07	55.08	1.2579
982A	1	5	147-149	7.47	350.56	3.69	1.23	2.62	-0.33	73.67	0.2033
982A	1	6	 2-4	7.52	351.88	3.74	1.35	2.75	-0.04	67.25	1.0482
982A	1	6	 7-9	7.57	353.21	3.61	1.30	2.84	0.25	66.50	0.4320
982A	1	6	 12-14	7.62	354.53	3.46	1.33	2.87	0.07	83.17	1.0438
982A	1	6	17-19	7.67	355.85	3.40	1.15	2.77	0.12	80.42	0.4107
982B	2	1	87-89	7.69	356.38	3.62	1.01	3.01	0.21	86.17	0.2079
982B	2	1	92-94	7.74	357.71	3.33	1.23	2.73	-0.15	81.33	0.0000
982B	2	1	97-99	7.79	359.03	3.22	1.05	2.66	0.06	82.50	0.4107
982B	2	1	102-104	7.84	360.35	2.84	1.05	2.21	-0.29	73.75	1.9108
982B	2	1	107-109	7.89	361.68	2.90	0.95	2.33	0.02	75.83	2.1692
982B	2	1	112-114	7.94	363	2.61	0.96	2.41	-0.05	76.76	0.4301
982B	2	1	117-119	7.99	364.32	3.12	1.08	2.53	-0.21	78.50	0.2128
982B	2	1	122-124	8.04	365.65	3.38	1.19	2.43	-0.33	76.83	0.6369
982B	2	1	127-129	8.09	366.97	3.25	1.02	2.03	-0.25	75.75	1.2793
982B	2	1	132-134	8.14	368.29	3.46	1.09	2.38	0.04	77.83	0.4167
982B	2	1	137-139	8.19	369.62			2.20	-0.26	84.08	0.0000
982B	2	1	142-144	8.24	370.94	3.08	1.23	2.17	0.03	83.67	0.4124
982B	2	1	147-149	8.29	372.26	2.82	1.11	2.25	0.09	86.67	0.0000
982B	2	2	 2-4	8.34	373.59			1.96	0.22	88.08	0.0000
982B	2	2	 7-9	8.39	374.91	2.94	1.11	1.73	0.23	90.50	0.6263
982B	2	2	 12-14	8.44	376.24	2.84	1.07	1.85	0.39	89.00	0.0000
982B	2	2	17-19	8.49	377.56			1.75	0.21	87.58	0.0000
982B	2	2	22-24	8.54	378.88			1.88	0.09	84.83	0.0000
982B	2	2	27-29	8.59	380.21			1.54	0.26	88.83	0.0000
982B	2	2	32-34	8.64	381.53			1.93	0.26	89.17	0.0000
982B	2	2	37-39	8.69	382.85			1.03	0.58	90.42	0.0000
982B	2	2	42-44	8.74	384.18	2.10	0.73	1.96	0.17	89.75	0.0000
982B	2	2	47-49	8.79	385.5			1.80	0.06	87.17	0.0000
982B	2	2	52-54	8.84	386.82	2.09	1.08	1.84	0.17	89.67	0.0000
982B	2	2	57-59	8.89	388.15	1.99	0.80	1.88	0.07	90.42	0.0000
982B	2	2	62-64	8.94	389.47			1.89	0.18	87.17	0.0000
982B	2	2	67-69	8.99	390.79			1.73	-0.30	92.50	0.0000
982B	2	2	72-74	9.04	392.12			1.75	0.06	85.17	0.0000
982B	2	2	77-79	9.09	393.44			1.72	-0.09	82.92	0.0000
982B	2	2	82-84	9.14	394.76			1.82	0.02	88.17	0.0000
982B	2	2	87-89	9.19	396.09	2.43	1.29	1.64	-0.06	89.08	0.0000
982B	2	2	92-94	9.24	397.41			1.77	-0.15	86.67	0.2012
982B	2	2	97-99	9.29	398.74			1.79	0.02	90.25	0.0000
982B	2	2	102-104	9.34	400.06	2.15	0.87	1.66	-0.12	90.42	0.0000
982B	2	2	107-109	9.39	401.38	2.15	0.97	1.71	-0.29	85.92	0.0000
982B	2	2	112-114	9.44	402.69	2.32	0.86	1.86	-0.12	87.17	0.0000
982B	2	2	117-119	9.49	403.99			1.98	-0.24	90.92	0.6048
982B	2	2	122-124	9.54	405.28			1.80	-0.32	88.00	0.2037
982B	2	2	127-129	9.59	406.58			2.02	-0.25	85.67	1.2245
982B	2	2	132-134	9.64	407.88	2.18	0.95	2.25	-0.49	84.17	0.4141
982B	2	2	137-139	9.69	408.75			2.21	-0.59	81.92	1.0352
982B	2	2	142-144	9.74	409.5	3.21	1.23	2.25	-0.64	78.92	0.2033
982B	2	2	147-149	9.79	410.25			2.12	-0.57	84.17	0.2033
982B	2	3	 2-4	9.84	411	2.53	0.95	2.29	-0.84	75.33	0.4082
982B	2	3	 7-9	9.89	411.75			2.22	-0.87	74.83	1.0661
982B	2	3	 12-14	9.94	412.5			2.41	-0.84	69.83	0.4175
982B	2	3	17-19	9.99	413.25			2.35	-0.48	67.67	1.0730
982B	2	3	22-24	10.04	414			2.43	-0.88	59.17	5.6054
982B	2	3	27-29	10.09	414.75	3.81	0.52	2.20	-0.99	80.00	10.3120
982B	2	3	32-34	10.14	415.5	3.06	0.99	2.28	-1.38	44.92	40.6140
982B	2	3	37-39	10.19	416.25			2.28	-1.42	47.75	22.5680
982B	2	3	42-44	10.24	417	3.75	0.66	2.45	-1.33	29.17	74.0380
982B	2	3	47-49	10.29	417.75	3.90	0.72	2.30	-1.45	21.17	85.2350
982B	2	3	52-54	10.34	418.5	4.24	0.93			20.75	100.0000
982B	2	3	57-59	10.39	419.25			1.75	-0.38	21.17	62.5000
982B	2	3	62-64	10.44	420.48	4.57	0.99	3.04	-0.95	19.25	56.8630
982B	2	3	67-69	10.49	421.95	4.39	1.40	3.34	-1.09	18.75	47.9450
982B	2	3	72-74	10.54	423.42			2.70	-1.04	17.58	45.3660
982B	2	3	77-79	10.59	424.89	4.61	1.55	2.88	-0.83	23.25	20.2850
982B	2	3	82-84	10.64	426.37	3.50	1.12	2.75	-0.95	31.33	9.2910
982B	2	3	87-89	10.69	427.91	3.65	1.10	2.60	-1.23	36.17	6.1033
982B	2	3	92-94	10.74	429.49	3.69	1.07	2.49	-1.09	39.83	6.9717
982B	2	3	97-99	10.79	431.07	3.47	0.93	2.60	-0.86	38.17	4.4586
982B	2	3	102-104	10.84	432.65	4.09	1.45	2.67	-0.90	48.25	11.2680
982B	2	3	107-109	10.89	434.23			2.34	-0.38	48.83	3.5533
982B	2	3	112-114	10.94	435.81			2.60	-0.85	42.58	1.1601
982B	2	3	117-119	10.99	437.39	3.27	1.11	2.55	-0.90	46.08	1.9002
982B	2	3	122-124	11.04	438.97	3.76	1.28	2.46	-0.74	52.92	10.0000
982B	2	3	127-129	11.09	440.55	2.73	1.76	2.44	-0.77	41.42	2.2676
982B	2	3	132-134	11.14	442.14	3.54	1.11	2.53	-0.68	38.08	3.2641
982B	2	3	137-139	11.19	443.72			2.59	0.13	47.50	2.7719
982B	2	3	142-144	11.24	445.3			2.38	-0.41	72.42	0.4107
982B	2	3	147-149	11.29	446.88			2.48	0.13	86.50	0.0000
982B	2	4	 2-4	11.34	448.46			2.45	0.07	83.33	0.2049
982B	2	4	 7-9	11.39	450.04			2.11	0.00	77.17	0.4132
982B	2	4	 12-14	11.44	451.62	3.42	1.13	2.03	-0.25	68.00	7.8390
982B	2	4	17-19	11.49	453.2	3.51	1.43	2.24	-0.13	53.17	8.1319
982B	2	4	22-24	11.54	454.78	3.33	1.41	2.30	-0.02	53.42	4.3384
982B	2	4	27-29	11.59	456.36	3.66	1.49			84.75	0.4090
982B	2	4	32-34	11.64	457.95	3.29	1.36	2.24	-0.14	89.50	0.8333
982B	2	4	37-39	11.69	459.53	3.12	1.33	2.32	-0.25	91.67	0.6135
982B	2	4	42-44	11.74	461.11	3.09	1.33	2.27	0.05	92.58	0.0000
982B	2	4	47-49	11.79	462.69	2.91	1.39	2.09	-0.13	81.83	0.4073
982B	2	4	52-54	11.84	464.27	2.93	1.69	2.60	0.41	76.00	6.5678
982B	2	4	57-59	11.89	465.85	3.14	1.79	2.54	0.62	78.33	8.1197
982B	2	4	62-64	11.94	467.43			2.53	0.34	91.92	0.8265
982B	2	4	67-69	11.99	469.01	2.90	1.60	2.40	0.61	92.50	0.8265
982B	2	4	72-74	12.04	470.59	2.71	1.19	2.54	0.44	87.75	0.4049
982B	2	4	77-79	12.09	472.18			2.19	0.24	85.25	0.4040
982B	2	4	82-84	12.14	473.76	2.34	1.33	2.42	0.29	88.92	0.0000
982B	2	4	87-89	12.19	475.34	2.71	1.58	2.29	0.07	86.83	0.0000
982B	2	4	92-94	12.24	476.92	2.77	1.34	2.43	0.43	76.58	0.0000
982B	2	4	97-99	12.29	478.5	2.95	1.38	2.25	0.18	89.58	0.0000
982B	2	4	102-104	12.34	480.08	2.81	1.34	2.37	0.26	88.00	0.2075
982B	2	4	107-109	12.39	481.66	2.89	1.57	2.15	0.07	90.50	0.0000
982B	2	4	112-114	12.44	483.24	2.91	1.39	2.09	0.07	90.08	0.0000
982B	2	4	117-119	12.49	484.82	2.88	1.31	2.43	0.35	86.50	0.0000
982B	2	4	122-124	12.54	486.41	2.90	1.10	2.27	0.06	85.58	0.0000
982B	2	4	127-129	12.59	487.99			1.59	0.35	81.00	0.2041
982B	2	4	132-134	12.64	489.57			2.33	-0.03	81.75	1.2422
982B	2	4	137-139	12.69	491.15	2.89	1.15	2.37	-0.18	77.00	0.6250
982B	2	4	142-144	12.74	492.73	2.89	1.10	2.25	-0.21	75.92	2.2523
982B	2	4	147-149	12.79	494.31	3.08	1.16	2.43	-0.14	80.67	2.2965
982B	2	5	 2-4	12.84	495.89	3.31	1.48	2.63	0.07	86.75	0.0000
982B	2	5	 7-9	12.89	497.47	3.26	1.37	2.60	0.37	89.33	0.0000
982B	2	5	 12-14	12.94	499.05			2.88	0.42	91.67	0.0000
982B	2	5	17-19	12.99	500.64			2.80	0.21	90.92	0.0000
982B	2	5	22-24	13.04	502.22	3.46	0.99	2.68	0.15	79.58	4.9774
982B	2	5	27-29	13.09	503.8	3.22	1.21	2.78	0.47	74.58	0.0000
982B	2	5	32-34	13.14	505.38	3.17	1.28	2.64	0.18	92.17	0.0000
982B	2	5	37-39	13.19	506.96	3.22	1.34	2.84	0.37	84.67	0.0000
982B	2	5	42-44	13.24	508.54	3.10	1.18	2.67	0.16	91.58	0.0000
982B	2	5	47-49	13.29	510.12	3.14	1.18	2.49	-0.08	92.17	0.0000
982B	2	5	52-54	13.34	511.7	3.07	1.20	2.54	0.21	89.33	0.2075
982B	2	5	57-59	13.39	513.28	3.00	1.20	2.58	0.04	88.33	0.0000
982B	2	5	62-64	13.44	514.86			2.73	0.21	88.33	0.0000
982B	2	5	67-69	13.49	516.45	2.99	1.20	2.35	-0.24	73.08	0.4158
982B	2	5	72-74	13.54	518.03			2.36	-0.09	92.08	0.0000
982B	2	5	77-79	13.59	519.61			2.32	-0.14	91.83	0.0000
982B	2	5	82-84	13.64	521.19			2.42	-0.21	91.17	0.0000
982B	2	5	87-89	13.69	522.77			2.43	-0.06	86.58	1.2658
982B	2	5	92-94	13.74	524.35			2.34	-0.29	85.00	1.2295
982B	2	5	97-99	13.79	525.93			1.85	-0.14	83.92	1.6393
982B	2	5	102-104	13.84	527.51			2.30	-0.41	87.50	1.0395
982B	2	5	107-109	13.89	529.09			2.49	-0.49	84.58	1.4257
982B	2	5	112-114	13.94	530.67			2.49	-0.15	87.75	0.4184
982B	2	5	117-119	13.99	532.17	3.06	0.97	2.51	-0.73	79.92	1.6427
982B	2	5	122-124	14.04	533.67	3.60	1.11	2.60	-0.59	62.00	4.3210
982B	2	5	127-129	14.09	535.17	3.52	1.07	2.48	-0.85	52.83	5.4825
982B	2	5	132-134	14.14	536.66	3.47	1.02	2.72	-0.75	41.75	6.9114
982B	2	5	137-139	14.19	538.15	4.06	1.13	2.77	-0.97	54.42	9.3478
982B	2	5	142-144	14.24	539.31	4.06	1.28	2.85	-0.72	60.33	8.6093
982B	2	5	147-149	14.29	540.46	3.66	1.09	2.83	-0.82	68.58	3.8217
982B	2	6	 2-4	14.34	541.62	3.86	0.85	2.73	-0.77	67.42	1.7467
982B	2	6	 7-9	14.39	542.77	3.62	0.96	2.72	-0.69	42.42	4.6838
982B	2	6	 12-14	14.44	543.92			2.74	-0.89	65.75	1.2959
982B	2	6	17-19	14.49	545.08	3.46	1.01	2.88	-0.80	75.33	1.0482
982B	2	6	22-24	14.54	546.23	3.46	1.27	2.81	-0.74	74.67	2.2422
982B	2	6	27-29	14.59	547.38	3.54	1.11	2.50	-0.91	71.58	1.4583
982B	2	6	32-34	14.64	548.54	3.63	1.15	2.64	-0.72	75.00	1.2238
982B	2	6	37-39	14.69	549.69	3.70	1.28	2.29	-0.55	64.33	0.6250
982B	2	6	42-44	14.74	551.76	3.43	1.15	2.37	-0.45	66.50	3.3613
982B	2	6	47-49	14.79	553.89	3.72	1.25	2.33	-0.56	61.75	1.4344
982B	2	6	52-54	14.84	556.02	3.25	0.97	2.00	-0.83	64.08	1.2526
982B	2	6	57-59	14.89	558.15	3.36	1.06	2.09	-0.68	58.58	1.6598
982B	2	6	62-64	14.94	560.28	2.78	0.89	2.26	-0.32	26.67	1.3015
982B	2	6	67-69	14.99	562.95			2.22	-0.48	73.58	1.0438
982B	2	6	72-74	15.04	565.69			1.90	-0.44	85.08	0.2075
982B	2	6	77-79	15.09	568.43	2.92	0.99	2.10	-0.39	87.17	0.4073
982B	2	6	82-84	15.14	571.17	2.39	0.96	1.69	-0.56	86.92	0.6148
982B	2	6	87-89	15.19	573.9			1.68	-0.36	78.67	0.4141
982B	2	6	92-94	15.24	576.64	3.43	1.16	1.67	-0.61	78.83	1.2397
982B	2	6	97-99	15.29	579.38	2.68	0.52	1.45	-0.58	79.00	2.5263
982B	2	6	102-104	15.34	582.12	3.48	1.22	1.83	-0.77	67.67	5.1546
982B	2	6	107-109	15.39	584.86	2.70	0.54	2.01	-0.83	66.67	3.1579
982B	2	6	112-114	15.44	587.6	3.75	1.13	2.15	-0.71	61.92	3.0501
982B	2	6	117-119	15.49	590.33	3.51	1.24	2.23	-0.51	65.42	1.9313
982B	2	6	122-124	15.54	593.07	2.96	1.08	2.48	-0.52	69.50	3.7037
982B	2	6	127-129	15.59	595.81			2.03	-0.33	70.83	1.6370
982B	2	6	132-134	15.64	598.55	2.98	1.14	1.54	0.13	63.17	2.3965
982B	2	6	137-139	15.69	601.29	2.73	0.99			49.25	1.6495
982B	2	6	142-144	15.74	604.02	2.50	0.98			77.67	2.2965
982B	2	6	147-149	15.79	606.76	2.81	0.98			68.00	3.3264
982C	3	2	107-109	15.85	610.05	2.68	1.05	1.79	-0.29	68.42	4.1068
982C	3	2	112-114	15.9	612.79	2.35	0.72	1.77	-0.73	72.58	15.7890
982C	3	2	117-119	15.95	615.52	2.66	0.83	1.97	-0.70	56.33	30.3030
982C	3	2	122-124	16	617.75	2.65	0.90	2.22	-1.41	55.33	21.4780
982C	3	2	127-129	16.05	619.94	3.37	0.40	3.25	-1.22	40.17	15.7300
982C	3	2	132-134	16.1	622.13	4.31	1.05	3.68	-1.44	31.08	23.5300
982C	3	2	137-139	16.15	624.31	4.39	0.97	3.54	-1.23	21.00	1.0178
982C	3	2	142-144	16.2	626.5	2.52	0.61	3.30	-1.44	42.83	1.4614
982C	3	2	147-149	16.24	628.02	4.11	0.87	3.20	-1.05	45.83	1.4583
982C	3	3	 2-4	16.28	629.5	4.08	0.98	3.21	-1.32	34.58	29.1780
982C	3	3	 7-9	16.33	631.34	3.25	0.87	3.30	-1.79	8.50	31.1480
982C	3	3	 12-14	16.38	633.19	3.22	1.31	3.27	-1.30	36.75	38.6160
982C	3	3	17-19	16.43	635.04	4.16	1.06	3.35	-1.55	31.75	10.9130
982C	3	3	22-24	16.48	636.88			3.12	-1.67	41.75	10.5990
982C	3	3	27-29	16.53	638.73	4.11	1.19	2.93	-1.72	34.00	6.2000
982C	3	3	32-34	16.58	640.58	3.85	0.97	2.68	-1.80	29.25	2.2936
982C	3	3	37-39	16.63	642.43	3.96	1.08	2.95	-1.60	29.25	4.8523
982C	3	3	42-44	16.68	644.27	3.64	0.72	2.82	-1.56	38.67	5.7447
982C	3	3	47-49	16.73	646.12	3.59	0.76	2.85	-1.47	38.67	2.5478
982C	3	3	52-54	16.78	647.97	3.63	0.77	2.95	-1.63	47.58	4.7516
982C	3	3	57-59	16.83	649.81	3.52	0.63	2.81	-1.54	33.00	3.4843
982C	3	3	62-64	16.88	651.66	3.61	0.83	2.85	-1.54	45.42	5.7940
982C	3	3	67-69	16.93	653.51	3.53	0.80	2.81	-1.49	34.33	4.5802
982C	3	3	72-74	16.98	655.35			2.62	-1.52	41.92	6.8650
982C	3	3	77-79	17.03	657.2	3.71	0.66	2.59	-1.71	36.42	10.2400
982C	3	3	82-84	17.08	659.05	4.11	0.76	2.63	-1.76	44.75	12.0000
982C	3	3	87-89	17.13	660.9	3.85	0.83	2.64	-1.74	31.32	9.6244
982C	3	3	92-94	17.18	662.74	3.89	0.86	2.70	-1.28	39.75	11.8880
982C	3	3	97-99	17.23	664.59	4.11	0.92	2.62	-1.14	31.42	15.7180
982C	3	3	102-104	17.28	666.44	4.02	0.90	2.32	-0.92	28.75	3.6000
982C	3	3	107-109	17.33	668.28	3.70	0.96	2.38	-0.58	36.25	4.2553
982C	3	3	112-114	17.38	670.13	3.75	0.84	2.61	-0.81	24.50	2.3050
982C	3	3	117-119	17.43	671.98	3.82	0.83	2.48	-0.78	19.67	2.0534
982C	3	3	122-124	17.48	673.82	3.68	0.87	2.25	-0.88	46.33	4.3860
982C	3	3	127-129	17.53	675.67	3.55	1.12	2.32	-0.98	34.75	5.8153
982C	3	3	132-134	17.58	677.52	2.86	0.71	2.23	-0.42	35.17	1.4463
982C	3	3	137-139	17.63	679.37	3.51	1.02	2.26	-0.35	40.42	2.3442
982C	3	3	142-144	17.68	681.21	2.95	0.69	2.37	-0.19	32.33	0.0000
982C	3	3	147-149	17.73	683.06	2.72	1.09	2.36	-0.10	75.67	0.0000
982C	3	4	 2-4	17.78	684.91	2.77	1.09	2.25	-0.25	86.25	0.2141
982C	3	4	 7-9	17.83	686.75	2.71	1.17	2.26	0.20	86.75	0.2092
982C	3	4	 12-14	17.88	688.6	2.79	1.11	2.32	0.07	89.00	0.2058
982C	3	4	17-19	17.93	690.45	2.78	1.08	2.20	0.12	88.17	0.2183
982C	3	4	22-24	17.98	692.29	2.87	1.11	2.10	0.17	91.58	0.8621
982C	3	4	27-29	18.03	694.14	2.81	1.08	2.13	-0.15	87.08	0.2227
982C	3	4	32-34	18.08	695.99	2.82	1.06	2.21	0.05	67.58	0.2137
982C	3	4	37-39	18.13	697.84	2.89	1.08	2.04	-0.31	87.83	0.4255
982C	3	4	42-44	18.18	699.68	2.92	1.03	1.92	-0.49	86.50	0.6276
982C	3	4	47-49	18.23	701.53	2.96	0.99	2.08	-0.39	84.17	0.6263
982C	3	4	52-54	18.28	703.38	3.09	1.00	2.08	-0.69	70.58	1.0395
982C	3	4	57-59	18.33	705.22	3.07	0.99	1.91	-0.53	74.50	2.6726
982C	3	4	62-64	18.38	707.07	2.96	1.00	1.94	-0.65	66.92	4.9107
982C	3	4	67-69	18.43	708.92	2.87	0.97	2.00	-1.10	61.67	7.7434
982C	3	4	72-74	18.48	710.76	3.05	0.57	1.83	-1.02	49.33	6.5359
982C	3	4	77-79	18.53	712.61	2.97	0.90	2.17	-0.50	62.00	10.9650
982C	3	4	82-84	18.58	714.46	2.69	1.07	2.04	-1.01	31.92	35.3110
982C	3	4	87-89	18.63	716.31	2.94	0.32	2.27	-0.94	14.33	47.2300
982B	3	2	 2-4	18.68	718.15	3.14	0.19	2.67	-0.80	11.58	20.0420
982B	3	2	 7-9	18.73	720.09	3.31	0.56	2.78	-0.94	13.83	4.7228
982B	3	2	 12-14	18.78	723.4	3.13	1.07	2.61	-0.70	26.42	2.4641
982B	3	2	17-19	18.83	726.72			2.73	-0.93	46.08	0.9980
982B	3	2	22-24	18.88	730.04	3.22	0.78	2.69	-0.59	64.08	0.2058
982B	3	2	27-29	18.93	733.35	3.07	0.82	2.26	-0.86	67.33	0.2092
982B	3	2	32-34	18.98	736.66	2.96	0.88	2.20	-0.77	50.83	1.0331
982B	3	2	37-39	19.03	739.71	3.01	0.90	2.41	-1.04	47.92	10.9090
982B	3	2	42-44	19.08	742.75	3.14	0.88	2.34	-1.20	31.67	8.0569
982B	3	2	47-49	19.13	745.8	2.91	0.94	2.35	-1.34	36.25	6.3187
982B	3	2	52-54	19.18	748.85	3.57	1.00	2.33	-1.30	52.67	13.5980
982B	3	2	57-59	19.23	751.89	3.55	1.02	2.40	-1.21	41.92	1.8750
982B	3	2	62-64	19.28	753.84	3.43	0.70	2.08	-1.18	47.08	2.4948
982B	3	2	67-69	19.33	755.76	2.88	0.66	2.09	-0.74	37.33	2.9412
982B	3	2	72-74	19.38	757.68	3.04	0.81	1.84	-0.76	35.08	2.6316
982B	3	2	77-79	19.43	759.6	3.19	0.92	1.94	-0.54	57.08	3.3755
982B	3	2	82-84	19.48	761.52	2.78	0.88	1.91	-0.68	55.67	4.4776
982B	3	2	87-89	19.53	763.44	2.80	0.93	1.97	-0.54	64.83	1.8828
982B	3	2	92-94	19.58	765.36	2.91	0.88	2.14	-0.39	69.92	0.4175
982B	3	2	97-99	19.63	767.28	2.73	0.86	2.28	-0.14	77.33	0.4180
982B	3	2	100-102	19.66	768.43	2.72	0.69	2.20	-0.62	80.17	1.3250
982B	3	2	102-104	19.68	769.2	2.63	0.69	2.26	-0.40	78.33	0.8493
982B	3	2	107-109	19.73	771.12	2.63	0.83	1.80	-0.56	82.58	0.6370
982B	3	2	112-114	19.78	773.04	2.59	0.97	1.75	-0.77	82.33	0.2155
982B	3	2	117-119	19.83	774.96	2.50	0.78	1.87	-0.70	81.92	1.3129
982B	3	2	122-124	19.88	776.88	2.54	0.72	1.81	-1.10	77.75	0.9259
982B	3	2	127-129	19.93	778.8	2.54	0.80	1.83	-0.80	57.50	4.0573
982B	3	2	132-134	19.98	780.72	2.46	0.63	1.74	-0.89	70.67	1.9560
982B	3	2	137-139	20.03	782.64	2.48	0.69	1.61	-1.12	67.42	2.3196
982B	3	2	142-144	20.08	784.56	2.48	0.73	1.59	-1.16	54.08	5.3892
982B	3	2	147-149	20.13	786.48	2.45	0.55	1.76	-1.18	53.42	3.2020
982B	3	3	 2-4	20.18	788.4	2.48	0.55	1.74	-1.25	37.75	8.9157
982B	3	3	 7-9	20.23	790.32	2.46	0.75	1.80	-1.37	61.08	31.5220
982B	3	3	 12-14	20.28	792.2					16.58	45.6430
982B	3	3	17-19	20.33	794.07	3.06	0.05	2.78	-0.90	19.92	8.3969
982B	3	3	22-24	20.38	795.94			2.81	-0.53	35.83	5.0691
982B	3	3	27-29	20.43	797.81	3.74	0.97	2.79	-0.69	39.42	4.1570
982B	3	3	32-34	20.48	799.69			2.79	-0.63	27.00	11.3250
982B	3	3	37-39	20.53	801.44	3.89	1.16	2.98	-0.59	67.17	0.8231
982B	3	3	42-44	20.58	803.16	3.41	0.97	2.72	-0.69	71.25	1.2090
982B	3	3	47-49	20.63	804.88	3.25	1.06	2.69	-0.63	63.08	1.7241
982B	3	3	52-54	20.68	806.6	3.31	0.98	2.43	-0.52	60.25	1.8828
982B	3	3	57-59	20.73	808.33	2.86	0.88	2.58	-0.08	87.58	0.8511
982B	3	3	62-64	20.78	810.05	2.44	0.88	2.63	-0.33	88.33	1.0965
982B	3	3	67-69	20.83	811.77	2.77	0.87	2.60	-0.40	89.67	2.2642
982B	3	3	72-74	20.88	813.49			2.32	-0.58	83.25	3.9560
982B	3	3	77-79	20.93	815.21	2.48	0.76	2.38	-0.53	74.00	5.0847
982B	3	3	82-84	20.98	816.93	2.62	0.76	2.38	-0.44	73.92	2.9289
982B	3	3	87-89	21.03	818.65	3.56	0.78	2.52	-0.32	85.75	0.6186
982B	3	3	92-94	21.08	820.37	2.83	0.65	2.34	-0.19	78.67	0.2075
982B	3	3	97-99	21.13	822.09	2.83	0.98	2.20	-0.54	80.25	0.4338
982B	3	3	102-104	21.18	823.81	3.03	1.02	2.03	-0.75	80.00	0.4425
982B	3	3	107-109	21.23	825.53	2.78	0.62	1.75	-0.85	69.83	0.2232
982B	3	3	112-114	21.28	827.26	2.95	0.88	2.06	-0.67	57.00	0.5698
982B	3	3	117-119	21.33	828.98	3.29	0.51	2.01	-0.94	29.25	2.3077
982B	3	3	122-124	21.38	830.7	2.78	0.65	2.08	-0.96	63.42	5.4755
982B	3	3	127-129	21.43	832.42			2.34	-0.44	68.75	3.8071
982B	3	3	132-134	21.48	834.14	2.85	0.98	2.41	-0.37	85.58	2.5316
982B	3	3	137-139	21.53	835.86	2.89	0.98	2.22	-0.37	87.00	0.6565
982B	3	3	142-144	21.58	837.58	2.87	0.92	2.21	-0.65	77.75	5.0773
982B	3	3	147-149	21.63	839.3	3.05	0.96	1.99	-0.54	74.58	6.1269
982B	3	4	 2-4	21.68	841.02	2.96	0.97	1.95	-0.89	87.00	1.0823
982B	3	4	 7-9	21.73	842.74	2.62	0.85	1.99	-0.61	84.67	2.7601
982B	3	4	 12-14	21.78	844.47	2.50	0.72	2.14	-0.72	84.33	1.9608
982B	3	4	17-19	21.83	846.19	2.50	0.73	1.94	-0.68	78.33	2.4017
982B	3	4	22-24	21.88	847.91	2.52	0.85	2.06	-0.89	70.42	4.7722
982B	3	4	27-29	21.93	849.63	2.43	0.90	1.93	-0.72	70.17	4.0724
982B	3	4	32-34	21.98	851.35	2.54	0.14	2.01	-0.46	80.67	1.2712
982B	3	4	37-39	22.03	853.07	2.39	0.63	1.92	-0.54	80.83	1.2712
982B	3	4	42-44	22.08	854.79	2.72	0.54	1.83	-0.56	73.58	0.2058
982B	3	4	47-49	22.13	856.51	2.49	0.73	1.99	-0.58	73.83	2.1186
982B	3	4	52-54	22.18	858.23	2.49	0.67	1.76	-0.72	77.00	0.8351
982B	3	4	57-59	22.23	859.95	2.55	0.70	1.77	-0.65	76.25	0.8163
982B	3	4	62-64	22.28	861.67	2.49	-0.09	1.52	-0.95	66.83	3.5165
982B	3	4	67-69	22.33	863.4	2.68	0.01	1.63	-0.92	58.67	5.3812
982B	3	4	72-74	22.38	865.12	2.60	0.27	1.94	-0.88	46.75	5.0526
982B	3	4	77-79	22.43	866.84	2.46	-0.08	1.67	-1.51	37.50	14.5930
982B	3	4	82-84	22.48	868.56	2.53	-0.14	2.22	-1.58	44.33	47.0420
982B	3	4	87-89	22.53	870.44			2.68	-1.83	14.50	23.8200
982B	3	4	92-94	22.58	872.54	3.79	0.70	2.75	-1.49	30.42	7.2961
982B	3	4	97-99	22.63	874.64	3.09	0.54	2.65	-1.46	21.33	7.8351
982B	3	4	102-104	22.68	876.74	3.69	0.68	2.76	-1.39	27.17	3.9014
982B	3	4	107-109	22.73	878.84	3.44	0.89	2.82	-1.44	20.00	9.5890
982B	3	4	112-114	22.78	881	2.76	0.63	2.67	-1.80	18.67	17.2650
982B	3	4	117-119	22.83	883.25	3.17	0.38	2.45	-1.59	9.75	28.1760
982B	3	4	122-124	22.88	885.5	3.09	0.44	2.24	-0.86	11.08	56.1640
982B	3	4	127-129	22.93	887.75	3.22	0.42	2.28	-1.42	11.00	64.3840
982B	3	4	132-134	22.98	890	3.21	0.35	2.45	-1.07	14.17	44.8680
982B	3	4	137-139	23.03	892.25	3.57	0.81	2.45	-1.16	15.17	23.1710
982B	3	4	142-144	23.08	894.5	2.84	0.91	2.35	-1.05	59.92	1.2220
982B	3	4	147-149	23.13	896.75	4.00	0.95	2.49	-1.07	45.17	2.9046
982B	3	5	 2-4	23.18	899	3.29	0.95	2.21	-0.98	69.58	1.8219
982B	3	5	 7-9	23.23	901.25	3.19	0.65	2.39	-0.98	65.67	1.8405
982B	3	5	 12-14	23.28	903.5	3.07	0.34	2.20	-0.99	55.50	2.0877
982B	3	5	17-19	23.33	905.75	3.01	0.42	2.25	-1.13	60.17	2.1645
982B	3	5	22-24	23.38	908	2.78	0.12	2.32	-1.24	29.25	4.8571
982B	3	5	27-29	23.43	910.25	2.92	0.15	2.23	-1.44	18.00	19.6890
982B	3	5	32-34	23.48	912.5	2.95	0.06	2.15	-1.39	17.75	15.9170
982B	3	5	37-39	23.53	914.75	3.98	0.76	2.35	-1.61	21.17	8.9286
982B	3	5	42-44	23.58	917	3.56	0.96	2.47	-1.87	8.50	13.3910
982B	3	5	47-49	23.63	919.25					1.08	97.3030
982B	3	5	52-54	23.68	921.5	2.80	0.69	2.14	-1.02	50.67	0.8333
982B	3	5	57-59	23.73	923.75	2.99	0.82	2.14	-1.23	42.83	2.0877
982B	3	5	62-64	23.78	926	3.14	0.79	2.25	-1.23	52.08	1.8987
982B	3	5	67-69	23.83	928.25	3.02	1.09	2.05	-1.08	47.33	2.1127
982B	3	5	72-74	23.88	930.5	2.73	0.58	2.06	-0.87	53.00	2.6694
982B	3	5	77-79	23.93	932.75	2.75	0.88	2.06	-0.95	52.00	3.1712
982B	3	5	82-84	23.98	935	2.75	0.97	1.86	-0.77	87.57	1.0504
982B	3	5	87-89	24.03	937.25	2.58	0.91	1.75	-0.54	88.25	0.2058
982B	3	5	92-94	24.08	939.5	2.59	0.78	1.69	-0.54	81.83	4.4156
982B	3	5	97-99	24.13	941.75	2.38	0.82	1.61	-0.33	85.75	0.6110
982B	3	5	102-104	24.18	944	2.29	0.83	1.61	-0.41	72.75	0.4098
982B	3	5	107-109	24.23	946.25	2.37	0.69	1.45	-0.52	82.58	0.8493
982B	3	5	112-114	24.28	948.5	2.19	0.67	1.40	-0.77	83.25	0.6494
982B	3	5	117-119	24.33	950.75	2.26	0.74	1.59	-0.47	78.42	1.1038
982B	3	5	122-124	24.38	953	2.27	0.55	1.53	-0.96	74.92	5.0000
982B	3	5	127-129	24.43	955.25	2.27	0.35	1.89	-1.11	59.08	8.1019
982B	3	5	132-134	24.48	957.5	2.33	0.65	2.71	-0.39	65.17	12.3080
982D	1	2	117-119	24.53	959.93	3.18	0.62	2.69	-0.39	26.50	18.7970
982D	1	2	122-124	24.58	964.34	3.56	0.85	2.72	-0.43	66.00	2.0089
982D	1	2	127-129	24.63	968.75	3.42	0.89	2.52	-0.74	72.50	0.2066
982D	1	2	132-134	24.68	973.16	3.42	0.81	2.62	-0.52	52.33	0.4274
982D	1	2	137-139	24.73	977.57	3.24	1.22	2.50	-0.65	67.17	1.4737
982D	1	2	142-144	24.78	982	3.08	1.14	2.27	-0.46	66.75	3.7344
982D	1	2	147-149	24.83	987	2.75	0.90	2.26	-0.45	55.17	1.9231
982D	1	3	 2-4	24.88	992	2.86	0.90	2.34	-0.46	43.00	5.5300
982D	1	3	 7-9	24.93	997	2.52	0.71	2.15	-0.35	35.33	4.0860
982D	1	3	 12-14	24.98	1002	2.82	0.72	2.59	-0.57	17.83	3.0899
											
											
											
											
											
											
											
											
											
											
											
			
			
			
			
			
			
			
			
			
			
			
			
			
			
			
			
			
			
			
			
			
			
			
			
			
			
			
			
			
			
			
			
			
			
			
			
			
			
			
			
			
			
			
			
			
			
			
			
			
			
			
			
			
			
			
			
			
			
			
			
			
			
			
			
			
			
			
			
			
			
			
			
			
			
			
			
			
			
			
			
			
			
			
			
			
			
			
			
			
			
			
			
			
			
			
			
			
			
			
			
			
			
			
			
			
			
			
			
			
			
			
			
			
			
			
			
			
			
			
			
			
			
			
			
			
			
			
			
			
			
			
			
			
			
			
			
			
			
			
			
			
			
			
			
			
			
			
			
			
			
			
			
			
			
			
			
			
			
			
			
			
			
			
			
			
			
			
			
			
			
			
			
			
			
			
			
			
			
			
			
			
			
			
			
			
			
			
			
			
			
			
			
			
			
			
			
			
			
			
			
			
			
			
			
			
			
			
			
			
			
			
			
			
			
			
			
			
			
			
			
			
			
			
			
			
			
			
			
			
			
			
			
			
			
			
			
			
			
			
			
			
			
			
			
			
			
			
			
			
			
			
			
			
			
			
			
			
			
			
			
			
			
			
			
			
			
			
			
			
			
			
			
			
			
			
			
			
			
			
			
			
			
			
			
			
			
			
			
			
			
			
			
			
			
			
			
			
			
			
			
			
			
			
			
			
			
			
			
			
			
			
			
			
			
			
			
			
			
			
			
			
			
			
			
			
			
			
			
			
			
			
			
			
			
			
			
			
			
			
			
			
			
			
			
			
			
			
			
			
			
			
			
			
			
			
			
			
			
			
			
			
			
			
			
			
			
			
			
			
			
			
			
			
			
			
			
			
			
			
			
			
			
			
			
			
			
			
			
			
			
			
			
			
			
			
			
			
			
			
			
			
			
			
			
			
			
			
			
			
			
			
			
			
			
			
			
			
			
			
			
			
			
			
			
			
			
			
			
			
			
			
			
			
			
			
			
			
			
			
			
			
			
			
			
			
			
			
			
			
			
			
			
			
			
			
			
			
			
			
			
			
			
			
			
			
			
			
			
			
			
			
			
			
			
			
			
			
			
			
			
			
			
			
			
			
			
			
			
			
			
			
			
			
			
			
			
			
			
			
			
			
			
			
			
			
			
			
			
			
			
			
			
			
			
			
			
			
			
			
			
			
			
			
			
			
			
			
			
			
			
			
			
			
			
			
			
			
			
			
			
			
			
			
			
			
			
			
			
			
			
			
			
			
			
			
			
			
			
			
			
			
			
			
			
			
			
			
			
			
			
			
			
			
			
			
			
			
			
			
			
			
			
			
			
			
			
			
			
			
			
			
			
			
			
			
			
			
			
			
			
			
			
			
			
			
			
			
			
			
			
			
			
			
			
			
			
			
			
			
			
			
			
			
			
			
			
			
			
			
			
			
			
			
			
			
			
			
			
			
			
			
			
			
			
			
			
			
			
			
			
			
			
			
			
			
			
			
			
			
			
			
			
			
			
			
			
			
			
			
			
			
			
			
			
			
			
			
			
			
			
			
			
			
			
			
			
			
			
			
			
			
			
			
			
			
			
			
			
			
			
			
			
			
			
			
			
			
			
			
			
			
			
			
			
			
			
			
			
			
			
			
			
			
			
			
			
			
			
			
			
			
			
			
			
			
			
			
			
			
			
			
			
			
			
			
			
			
			
			
			
			
			
			
			
			
			
			
			
			
			
			
			
			
			
			
			
			
			
			
			
			
			
			
			
			
			
			
			
			
			
			
			
			
			
			
			
			
			
			
			
			
			
			
			
			
			
			
			
			
			
			
			
			
			
			
			
			
			
			
			
			
			
			
			
			
			
			
			
			
			
			
			
			
			
			
			
			
			
			
			
			
			
			
			
			
			
			
			
			
			
			
			
			
			
			
			
			
			
			
			
			
			
			
